1.0  1  1  0  1  0  0  0  1  0  0  0  1  1  0  1  0  1  0  0  1  1  0  0  1  0  0  0  0  0  1  1  1  15.7726639064
1.0  1  1  0  1  0  1  1  1  0  1  0  1  1  0  0  1  0  0  0  1  1  1  1  1  1  1  0  1  1  1  1  0  15.4848670985
1.0  1  1  1  1  0  1  1  0  0  1  1  0  1  1  0  1  1  0  1  1  1  1  0  1  0  1  1  0  0  1  1  0  15.5679151246
1.0  0  1  1  1  1  1  1  1  0  1  0  1  0  0  0  0  1  0  1  1  0  1  0  1  1  1  0  0  0  0  0  1  15.8045951126
1.0  0  1  1  0  1  0  1  1  0  0  1  0  0  1  1  0  1  0  0  1  0  0  0  1  0  1  1  0  0  1  0  0  15.8862202218
1.0  1  0  1  0  0  0  0  1  1  1  0  0  0  1  0  0  0  1  0  0  1  0  0  1  0  0  0  1  1  0  1  1  15.7608568613
1.0  0  1  1  0  0  1  0  1  0  1  1  1  0  0  0  0  1  0  0  0  1  1  1  1  0  0  1  1  1  0  0  1  15.6508989673
1.0  1  1  0  0  1  0  0  0  0  1  1  1  0  1  0  1  1  1  1  1  1  1  0  0  0  0  1  1  1  1  0  0  15.6387239808
1.0  0  1  0  1  0  1  0  1  1  0  0  0  1  0  0  1  0  0  1  0  0  0  0  1  0  1  1  0  1  1  0  0  15.8450253602
1.0  1  0  1  0  0  0  0  1  1  0  0  1  1  1  0  0  0  0  0  1  1  0  0  1  1  1  1  1  1  1  0  0  15.6753968741
1.0  0  1  0  0  1  0  0  0  1  0  1  1  1  1  0  0  0  1  0  0  1  1  1  0  1  0  1  0  1  1  0  1  15.6620523595
1.0  0  1  0  1  0  1  0  0  1  0  1  0  0  1  0  1  0  0  1  0  0  1  1  1  0  0  0  0  0  0  1  1  15.8110806061
1.0  0  0  0  0  0  1  0  1  0  1  1  0  1  0  0  1  0  1  0  1  0  1  1  0  0  1  1  1  0  0  0  0  15.8413117949
1.0  1  1  0  0  1  1  1  1  1  0  0  0  1  0  1  1  1  1  1  1  0  1  1  0  1  1  0  1  0  0  1  1  15.4895801098
1.0  0  1  1  1  1  1  0  0  1  1  1  0  1  1  0  1  1  1  0  1  0  1  1  0  1  0  0  0  1  1  0  1  15.5681802968
1.0  1  1  0  1  1  0  0  1  1  0  0  0  1  1  1  1  0  0  1  1  1  0  1  0  1  0  1  1  0  1  1  1  15.4851609138
1.0  0  0  1  0  1  0  1  1  0  1  1  1  1  0  1  1  0  0  0  0  1  1  1  0  1  1  0  1  0  0  0  0  15.723951118
1.0  1  1  0  0  1  0  0  1  0  0  1  0  1  1  1  1  0  0  0  0  1  0  0  0  1  0  0  1  1  0  0  0  15.9327932993
1.0  0  0  1  0  1  0  0  0  1  1  1  0  1  0  1  0  1  1  1  0  1  0  0  1  1  1  1  1  0  1  0  0  15.667409647
1.0  1  1  0  1  1  1  0  0  0  1  1  0  0  0  1  0  1  0  1  0  1  1  0  1  0  0  1  1  1  0  1  1  15.5941238395
1.0  0  0  0  1  0  0  0  1  0  1  0  0  1  0  0  1  1  0  1  1  0  1  1  1  0  0  1  0  1  1  0  0  15.8074221075
1.0  0  1  0  0  1  0  1  0  1  0  1  0  0  1  1  1  0  0  0  0  1  0  1  1  0  0  0  0  0  0  1  1  15.8009066613
1.0  1  1  0  1  0  0  1  0  1  1  0  0  1  1  0  1  0  0  0  0  1  1  0  0  1  1  0  1  0  0  0  1  15.7810842629
1.0  0  0  1  1  0  0  0  1  0  1  0  0  0  1  1  1  0  1  0  1  1  1  1  0  0  1  1  0  0  1  0  0  15.7410172734
1.0  1  1  1  0  1  1  0  1  0  0  0  0  0  0  1  0  0  0  1  1  0  1  0  0  0  1  1  0  1  1  0  0  15.9023311946
1.0  0  0  1  0  0  0  0  0  0  1  1  1  0  0  1  1  0  0  0  0  0  1  0  0  1  0  0  1  1  0  1  1  15.7960328637
1.0  0  1  0  1  0  0  1  0  1  1  1  1  1  1  1  1  0  1  1  0  1  0  1  1  1  1  0  1  0  0  1  1  15.4957745201
1.0  1  0  0  0  1  0  0  0  0  0  0  0  1  0  1  1  1  0  1  0  0  0  0  0  0  0  0  0  0  1  1  1  15.9115585132
1.0  1  1  1  1  0  1  1  1  1  1  0  1  1  1  0  0  1  0  1  1  1  1  1  0  0  0  0  0  1  1  1  0  15.6711340254
1.0  1  1  1  0  0  0  0  0  0  0  1  0  0  0  1  1  1  1  1  0  1  0  0  1  0  0  0  0  1  1  1  1  15.7243292919
1.0  0  0  0  0  0  1  0  0  0  0  0  1  0  0  0  0  0  1  0  0  1  0  1  1  0  0  1  0  0  0  1  1  15.9908540284
1.0  1  0  0  0  1  0  1  1  0  1  0  0  0  0  0  0  1  1  1  1  0  0  1  1  1  1  1  0  1  1  0  1  15.6234892786
1.0  1  0  1  1  0  1  0  0  1  1  0  1  1  1  1  1  1  1  0  1  0  1  0  0  0  1  1  1  1  1  0  1  15.4855153006
1.0  0  1  0  0  1  0  1  1  1  1  1  0  1  0  0  0  0  1  1  0  0  1  0  1  1  0  0  0  1  0  0  0  15.8790751325
1.0  0  1  1  1  1  0  0  1  0  1  1  0  1  0  1  1  1  1  0  0  1  1  0  1  0  0  0  1  1  1  1  0  15.5888985621
1.0  0  1  0  0  1  0  0  1  0  1  0  1  1  0  0  0  0  0  1  1  0  0  0  1  1  0  1  1  1  0  1  0  15.7538848555
1.0  1  0  1  0  1  1  0  0  0  1  1  0  1  1  1  1  0  1  0  1  0  0  1  0  1  0  1  0  0  1  1  1  15.5564642072
1.0  0  0  1  0  0  0  0  1  0  1  1  1  0  0  0  0  0  0  1  0  0  0  1  0  0  0  0  1  0  0  0  1  16.0390976586
1.0  1  0  1  1  0  1  1  0  0  1  1  0  1  1  1  0  0  0  0  1  0  0  0  0  0  1  1  0  0  1  0  1  15.8324069204
1.0  0  0  0  1  1  1  1  0  0  0  1  0  1  1  1  0  1  0  0  0  0  1  1  0  1  1  0  0  0  0  1  0  15.8025264835
1.0  1  0  1  0  1  0  0  1  1  1  0  0  0  0  1  1  1  0  1  0  0  1  0  1  0  1  1  0  0  1  0  1  15.6661833565
1.0  1  1  1  0  1  0  1  1  1  0  1  1  0  1  1  1  1  1  0  1  0  0  1  0  1  1  0  1  1  0  1  0  15.5615806577
1.0  1  1  1  1  0  1  1  1  1  1  1  1  0  1  0  1  0  0  1  1  1  1  0  1  1  1  0  1  0  1  1  1  15.4485809505
1.0  1  1  0  1  0  1  1  0  1  1  0  0  1  1  0  0  0  0  0  0  1  0  1  0  1  1  1  0  0  1  0  0  15.869460301
1.0  0  0  0  1  1  0  0  1  0  0  1  1  0  0  1  0  0  1  0  0  0  0  0  1  0  1  1  0  1  0  0  1  15.83945805
1.0  0  1  1  0  1  1  1  0  1  1  0  0  0  1  1  1  1  1  1  0  0  0  0  0  0  1  1  1  0  1  0  0  15.7342608761
1.0  0  0  0  1  0  1  0  0  1  0  1  0  0  0  1  0  1  1  1  1  0  1  0  1  1  0  0  0  1  1  0  0  15.7972076812
1.0  0  0  0  1  1  1  0  0  1  0  0  1  0  1  1  0  1  0  0  1  1  1  0  0  0  0  1  1  0  1  0  0  15.7973757528
1.0  1  0  1  0  1  0  1  1  1  1  1  0  0  0  1  0  0  1  0  0  0  1  0  1  1  0  0  0  1  1  1  1  15.6132566853
1.0  0  1  1  0  1  1  1  0  0  0  1  1  1  0  1  1  0  0  0  0  0  1  1  1  0  1  0  1  1  1  0  0  15.6960571024
1.0  0  1  0  0  0  1  0  1  1  0  1  1  0  0  0  0  0  0  1  0  0  1  1  0  1  1  1  0  0  0  0  0  15.9195928529
1.0  0  0  1  1  1  1  1  0  0  1  0  1  0  0  0  0  1  0  1  0  1  0  1  1  1  1  0  1  0  1  1  1  15.5300878198
1.0  1  0  0  1  0  1  0  1  0  1  0  0  0  0  0  1  1  1  0  1  0  1  0  0  1  0  1  0  1  1  0  0  15.7861989859
1.0  0  0  1  1  0  1  0  0  1  1  1  0  1  0  1  0  0  1  0  0  1  0  0  1  1  1  0  0  0  0  1  0  15.8374100474
1.0  1  1  0  0  1  0  0  0  0  1  1  0  1  1  0  1  1  1  1  0  0  1  0  1  0  1  1  0  1  1  0  1  15.6223739762
1.0  0  1  1  0  1  1  0  1  1  0  1  0  0  0  0  1  0  1  0  1  0  1  1  1  0  0  1  1  0  0  1  0  15.7230174985
1.0  1  1  1  0  0  0  1  0  0  1  1  0  1  1  1  0  1  1  0  0  1  0  0  0  0  0  1  1  0  1  1  0  15.7309458401
1.0  0  1  1  1  1  0  1  1  0  0  1  0  0  0  1  1  0  1  0  1  0  1  1  0  0  0  0  0  0  1  0  1  15.8455710609
1.0  0  1  1  1  1  1  0  0  1  0  0  1  0  1  0  0  1  1  1  0  0  0  1  0  0  1  1  0  1  0  1  0  15.7747984842
1.0  0  0  1  0  0  1  1  1  1  0  0  1  1  0  0  1  0  0  1  0  1  0  1  0  0  1  1  0  1  1  1  0  15.6601680724
1.0  1  0  1  0  0  1  1  0  0  1  0  0  1  0  0  1  1  1  0  0  1  0  0  0  0  1  1  0  1  1  0  1  15.7164499547
1.0  0  1  1  1  0  0  1  1  1  0  1  1  0  1  0  1  0  1  0  0  0  1  0  1  1  0  0  1  0  1  1  1  15.5778605532
1.0  0  0  1  0  0  0  0  0  0  0  1  0  0  0  0  0  1  1  1  0  0  1  0  1  1  1  0  0  0  0  0  1  15.9965999073
1.0  0  1  1  0  1  0  0  0  0  1  1  0  0  1  1  1  1  0  0  0  0  1  1  0  1  1  1  1  1  0  0  0  15.7001560533
1.0  0  0  0  0  0  1  0  0  0  0  1  1  1  1  1  0  0  0  0  1  0  0  1  1  0  0  0  0  0  0  1  1  15.8741494504
1.0  1  0  1  1  1  1  0  0  0  0  1  1  1  0  0  0  1  1  0  1  1  1  1  1  1  1  1  1  1  1  0  0  15.5027618985
1.0  1  0  1  1  0  0  1  0  0  0  0  0  0  0  0  0  0  1  1  1  0  1  1  0  0  0  1  0  0  1  1  1  15.7762295069
1.0  0  0  0  0  1  0  0  1  1  1  1  0  1  0  0  0  0  0  0  1  1  0  0  0  0  0  0  0  1  0  1  0  15.9959850582
1.0  0  0  0  0  0  0  1  1  1  1  1  1  1  1  1  1  0  1  1  1  1  1  1  0  0  1  1  1  1  0  0  0  15.5783923161
1.0  0  0  1  0  1  0  1  1  1  1  0  1  1  0  0  0  1  1  1  1  1  1  1  0  0  1  1  1  0  1  1  1  15.4716518608
1.0  1  1  1  1  1  0  0  0  1  1  1  1  0  0  0  0  1  0  0  1  1  1  1  0  1  1  0  1  0  1  0  0  15.7268999943
1.0  1  1  1  1  1  1  0  1  1  1  1  0  0  1  0  1  1  1  1  1  1  1  1  1  1  0  0  0  1  0  0  1  15.5165602928
1.0  1  0  0  0  1  1  1  1  1  1  1  1  1  1  1  1  1  1  1  0  1  1  0  1  1  1  0  1  0  0  0  0  15.5085128184
1.0  1  1  1  0  1  1  1  1  0  1  0  0  0  0  0  0  0  0  0  0  1  1  1  0  1  1  0  0  1  0  0  0  16.0314721862
1.0  0  1  1  1  1  0  1  1  1  0  0  1  0  0  1  1  0  0  0  0  0  1  0  0  1  1  1  1  1  0  0  0  15.8235238515
1.0  0  0  0  0  1  0  0  0  1  0  0  0  0  0  1  1  1  0  0  0  0  0  0  0  0  0  0  0  1  0  0  0  16.280266909
1.0  1  1  0  1  1  1  1  1  1  1  0  0  0  1  1  1  0  0  0  0  0  0  1  1  0  0  0  1  0  0  0  0  16.2640455253
1.0  1  1  1  1  0  0  0  1  1  1  0  1  1  0  1  1  0  0  0  0  0  1  1  0  0  0  1  1  0  0  1  1  15.7376369323
1.0  0  0  0  1  1  1  1  0  0  0  0  0  0  1  0  0  0  0  0  1  1  1  1  1  1  1  1  1  1  0  0  0  15.7283398535
1.0  0  1  1  1  0  0  1  1  1  1  1  1  1  1  1  1  1  1  1  1  1  1  1  1  1  0  0  0  0  0  1  1  15.3871629958
1.0  0  1  1  0  0  1  1  1  0  1  1  1  0  1  0  0  0  1  1  0  1  1  1  1  0  0  0  0  0  0  0  0  15.9184957211
1.0  0  0  0  1  0  0  0  0  1  0  0  0  1  1  0  1  1  0  0  0  1  1  1  1  1  1  1  1  1  0  0  0  15.8549883805
1.0  1  1  1  1  1  0  1  1  1  1  1  1  1  1  0  0  1  0  1  0  0  1  1  0  0  1  1  1  1  0  1  1  15.5055033572
1.0  0  0  1  0  0  0  0  1  1  1  0  0  0  0  1  1  1  1  1  1  1  1  1  1  1  1  0  0  1  0  0  0  15.695586762
1.0  0  0  1  1  1  1  0  0  0  0  0  0  1  1  1  0  0  0  0  0  0  0  0  1  0  0  0  0  0  0  0  1  16.1815739124
1.0  0  0  0  1  1  0  0  0  0  1  1  1  0  1  1  0  0  0  0  0  1  1  1  1  0  0  0  1  1  1  1  0  15.6890391215
1.0  1  1  1  0  0  0  0  0  0  0  1  1  0  0  0  0  0  1  0  0  0  0  1  1  1  0  1  1  1  1  1  1  15.6577148607
1.0  1  1  0  0  1  1  0  1  1  1  0  0  0  1  1  1  1  1  1  1  1  0  1  1  1  0  0  0  0  0  0  0  15.7102564196
1.0  0  0  1  0  0  1  1  1  0  0  0  0  0  0  0  1  1  0  0  1  1  0  0  1  0  1  1  1  1  1  1  0  15.6849085302
1.0  1  1  1  1  1  0  0  0  1  1  1  1  1  0  0  0  0  0  0  0  0  1  0  1  1  0  1  1  0  0  0  0  16.0229691623
1.0  0  0  1  1  0  1  1  1  1  1  1  0  0  0  1  1  1  1  1  1  0  0  0  1  0  1  0  0  1  1  0  0  15.6615445565
1.0  1  0  0  1  0  0  0  0  1  1  0  0  0  0  1  0  0  1  1  0  0  0  0  0  0  0  1  1  0  0  0  0  16.1362800101
1.0  0  0  0  0  1  1  1  0  0  0  1  0  0  0  1  0  0  1  1  0  1  1  1  0  0  1  0  1  1  1  0  0  15.7611675821
1.0  1  1  1  1  1  1  0  0  0  0  0  0  0  1  1  1  1  1  1  1  1  1  1  1  1  0  0  0  1  1  1  1  15.4342116256
1.0  1  0  0  0  0  0  0  1  1  1  0  0  1  1  1  0  1  1  1  0  1  1  0  0  1  1  1  1  0  0  1  1  15.646384746
1.0  1  1  1  0  1  1  1  1  0  0  0  0  0  0  0  0  0  0  0  1  1  0  0  0  0  0  0  0  1  1  1  1  15.8710906604
1.0  0  1  1  0  0  1  1  0  0  1  1  1  1  0  0  0  1  0  0  0  0  0  0  1  1  0  1  1  1  1  0  0  15.7633608262
1.0  0  0  0  0  1  1  1  1  1  0  0  0  0  0  0  1  1  1  0  1  0  1  1  0  1  1  1  1  1  1  1  0  15.6100329103
1.0  1  1  1  1  1  1  1  0  0  0  1  1  0  0  0  0  0  0  0  0  0  0  0  1  1  1  0  0  0  0  0  1  16.1833479189
1.0  1  1  0  0  1  1  1  1  0  0  0  0  0  0  0  0  1  0  1  1  1  1  0  0  0  0  0  0  0  0  0  0  16.1913630371
1.0  1  1  1  1  0  0  1  0  0  0  0  0  1  0  0  0  0  1  0  0  0  0  0  0  1  0  0  0  1  0  0  0  16.3730728261
1.0  0  0  0  1  0  0  0  0  1  1  1  1  0  0  1  1  1  1  0  0  1  0  0  0  0  0  0  0  1  0  0  1  15.8682063764
1.0  1  1  1  1  1  0  1  1  1  1  1  1  1  1  1  0  0  0  1  1  1  1  1  1  1  1  1  0  0  0  0  0  15.6454660542
1.0  1  1  0  1  0  0  0  0  0  1  1  1  1  1  1  1  0  0  0  1  0  1  1  0  0  0  0  0  0  0  1  1  15.7334256285
1.0  0  1  0  0  0  1  1  1  0  0  0  1  1  1  1  1  0  1  1  0  0  0  0  0  0  1  0  0  0  0  0  1  15.849879432
1.0  1  0  1  1  1  1  1  1  1  1  1  0  0  0  1  1  1  1  0  0  1  1  1  1  0  0  1  0  1  0  0  1  15.6384505223
1.0  0  0  0  1  1  1  1  1  1  1  1  1  1  1  1  1  1  1  1  0  0  0  0  1  1  0  0  1  0  0  0  1  15.6352764632
1.0  1  0  0  1  1  1  1  1  1  1  1  1  1  1  1  0  0  1  0  0  1  1  1  1  1  1  1  0  0  0  0  0  15.634918654
1.0  0  0  0  0  1  1  1  1  1  0  0  1  0  0  1  1  0  0  0  0  1  1  0  1  0  1  1  0  0  0  0  0  15.8652886684
1.0  0  0  1  1  1  1  0  0  0  1  1  1  1  1  1  0  0  0  0  0  0  0  0  0  1  0  0  0  0  1  0  0  16.1475548373
1.0  1  0  0  1  0  0  0  0  0  0  0  0  0  0  0  1  1  1  1  0  1  0  0  0  0  0  0  1  0  1  0  1  15.9918119775
1.0  1  1  0  0  0  0  1  0  1  1  0  1  0  1  1  0  0  1  1  1  0  0  0  1  1  0  0  0  0  1  1  0  15.7841334958
1.0  0  0  0  0  0  0  1  0  1  1  1  1  0  1  1  0  1  1  1  1  0  0  0  0  1  0  0  0  1  1  0  1  15.6928139649
1.0  1  1  1  1  1  1  1  0  0  0  0  1  1  1  1  0  1  0  0  0  1  1  1  1  0  0  1  1  0  0  0  0  15.8506169374
1.0  0  1  1  1  0  0  1  0  0  1  0  0  0  0  0  1  1  0  0  0  0  0  0  0  0  0  1  1  0  0  1  1  15.9383574504
1.0  0  1  1  1  0  0  1  1  1  1  1  1  1  1  1  0  0  0  0  1  0  0  0  0  1  0  0  1  1  1  1  1  15.5727281635
1.0  1  0  0  0  0  0  1  1  0  0  0  0  0  0  1  0  0  1  1  0  0  1  1  1  1  0  1  1  0  0  0  0  15.9082021956
1.0  0  0  0  0  0  0  0  0  0  0  0  0  0  0  0  0  1  1  1  0  1  1  0  0  0  0  1  1  1  0  0  0  16.2060264076
1.0  0  1  1  0  0  1  0  1  1  1  1  1  1  1  1  1  1  1  1  1  1  1  0  1  1  0  0  0  1  1  1  0  15.4125803163
1.0  1  1  1  1  1  1  0  0  0  0  1  1  1  0  0  0  0  0  0  0  1  0  0  0  0  0  0  1  1  1  1  1  15.7849445477
1.0  1  1  1  0  1  1  0  1  0  1  1  0  0  0  0  1  0  1  0  0  0  1  1  1  0  1  1  1  0  0  0  0  15.8350335392
1.0  0  0  0  0  0  0  1  0  1  1  1  1  1  1  0  0  0  0  0  0  0  1  1  1  1  1  1  1  0  0  0  1  15.7051968392
1.0  0  0  0  0  0  0  0  0  0  0  1  1  1  1  1  1  0  1  0  0  0  1  1  1  1  1  1  0  0  0  0  0  15.9283851747
1.0  0  0  0  1  1  1  0  1  0  0  0  0  1  1  0  0  0  0  1  0  0  0  0  0  1  0  0  0  1  1  1  1  15.7485720972
1.0  0  0  0  0  0  1  0  0  0  0  1  0  0  0  0  1  1  1  0  1  1  1  1  0  0  1  1  1  1  0  0  1  15.9221424133
1.0  1  1  0  0  0  0  0  1  1  1  0  1  1  0  1  1  0  0  0  0  0  0  0  0  0  1  1  1  1  1  1  0  15.6764823796
1.0  0  0  1  0  0  1  0  0  0  0  0  0  0  0  1  0  0  0  0  0  0  0  0  1  0  1  0  0  0  1  1  0  16.1308121113
1.0  0  1  1  1  1  1  1  1  1  1  1  1  0  1  1  0  0  0  0  1  1  1  0  1  1  0  1  0  0  1  1  0  15.6882174288
1.0  0  1  1  1  1  1  1  1  1  1  1  1  1  1  1  1  1  1  1  1  1  1  0  0  0  0  1  1  0  0  0  0  15.7740663487
1.0  0  0  0  0  0  0  1  1  1  1  1  1  1  1  1  1  1  1  1  1  1  1  1  1  0  0  0  0  0  0  0  0  15.6211916056
1.0  1  1  1  1  1  1  1  1  1  1  1  1  1  0  0  0  1  1  1  1  1  0  0  0  0  0  0  0  0  0  0  0  16.5261941123
1.0  1  1  1  1  1  0  0  0  0  1  1  1  1  1  1  1  1  1  1  0  0  0  0  0  0  0  0  0  0  0  0  0  16.2014156622
1.0  1  1  1  1  1  1  1  1  1  0  0  0  0  1  1  1  0  0  0  0  0  0  0  0  0  0  0  0  0  0  0  0  16.8740649156
1.0  0  0  0  0  0  1  1  0  0  0  0  0  1  1  1  1  1  1  1  1  1  0  1  1  1  1  1  1  1  1  1  1  15.9890741088
1.0  0  0  0  0  0  0  0  0  0  0  0  1  1  0  0  0  0  0  0  0  0  0  0  0  0  1  1  1  1  1  1  1  15.9276991389
1.0  1  1  1  1  1  1  1  1  1  1  0  0  0  0  0  0  0  0  0  0  0  0  0  0  0  0  0  0  0  0  1  1  16.5642801912
1.0  0  0  0  0  1  1  1  1  1  1  1  1  1  0  0  0  0  0  0  0  0  0  0  0  0  0  0  0  0  0  0  0  16.5423278053
1.0  1  1  1  1  1  1  1  1  1  1  0  0  0  0  1  1  1  1  1  1  1  1  1  1  1  1  1  1  0  0  0  0  15.515313091
1.0  1  1  1  1  1  1  1  1  1  1  0  0  0  0  0  0  0  0  0  0  0  0  1  1  1  1  1  0  0  0  0  0  16.2267026991
1.0  0  0  0  0  0  0  0  0  0  0  0  0  0  0  0  0  0  0  0  0  0  0  0  0  0  0  0  0  0  0  0  1  16.5672221868
1.0  1  1  1  1  1  1  1  1  1  1  1  1  1  1  1  1  0  0  0  0  0  0  0  0  0  0  1  1  1  1  1  1  15.7474702578
1.0  1  1  1  1  1  0  0  0  0  0  0  0  0  0  0  0  0  0  0  0  0  0  0  0  0  0  0  0  0  0  0  0  16.912230555
1.0  0  0  0  0  0  0  0  0  0  0  0  0  0  0  0  0  0  0  0  0  1  1  1  1  1  1  1  1  1  1  1  1  16.5333739792
1.0  1  1  1  1  1  1  0  0  0  0  0  0  0  0  0  0  0  0  0  0  0  0  0  0  0  0  0  0  0  0  0  0  16.9593161049
1.0  0  0  0  0  0  0  0  0  0  0  0  0  0  0  0  1  1  1  1  1  1  1  1  1  1  1  1  1  1  0  0  0  16.4087699405
1.0  0  1  1  1  1  1  0  0  0  0  0  0  0  1  0  0  0  0  0  0  0  1  1  1  1  1  1  1  1  1  1  1  15.5013167084
1.0  1  1  1  1  1  1  1  1  1  1  1  1  1  1  1  1  1  0  0  0  1  1  1  1  1  1  1  1  1  1  1  1  15.3108249145
1.0  1  1  1  1  1  1  1  1  1  1  0  0  0  0  0  0  0  0  0  0  0  1  1  1  1  1  1  1  1  1  1  1  15.4176733342
1.0  0  0  0  0  0  0  0  0  1  1  1  1  1  1  1  1  1  1  1  1  1  1  1  1  1  1  1  1  1  1  1  1  16.1341783879
1.0  0  0  0  0  0  0  1  1  1  1  1  1  1  1  1  1  1  1  1  1  1  1  0  0  0  0  0  0  1  1  1  0  15.5601861339
1.0  1  1  1  1  1  1  1  1  1  1  0  0  0  0  0  0  0  1  1  1  0  0  0  0  0  0  0  0  1  1  1  1  15.9161000416
1.0  1  1  1  1  1  1  1  1  1  1  1  1  1  1  1  1  1  1  1  1  1  1  0  0  0  0  0  0  0  0  0  0  16.2938892741
1.0  0  0  0  0  0  0  0  0  0  0  0  1  1  1  1  1  1  1  1  0  0  0  0  0  0  0  0  1  1  1  1  1  15.8740354578
1.0  0  0  0  0  0  0  0  0  0  0  0  0  0  0  0  0  0  0  0  0  0  0  0  0  0  0  0  0  0  0  0  0  16.754642727
1.0  1  0  0  0  0  0  0  0  0  0  0  0  0  0  0  0  0  0  0  0  0  0  0  0  0  0  0  0  0  0  0  0  16.7455164671
1.0  1  1  0  0  0  0  0  1  1  1  1  1  1  1  1  1  1  1  1  1  1  1  1  1  1  1  1  1  1  1  1  1  15.6082136898
1.0  1  1  0  0  0  0  0  0  0  0  0  1  1  1  1  1  1  0  0  0  0  0  0  0  0  0  1  1  1  1  1  1  15.7056765185
1.0  1  1  0  0  0  0  0  0  0  0  0  0  0  1  1  1  1  1  1  1  1  1  1  1  1  1  1  1  1  1  1  1  16.2322945017
1.0  1  1  1  0  0  0  0  0  0  0  0  0  0  0  0  0  0  0  0  0  0  0  0  0  0  0  0  1  1  1  1  1  15.9217276689
1.0  0  0  0  0  0  0  0  0  0  0  0  0  1  1  1  1  1  1  1  1  1  1  1  1  1  1  1  1  1  0  0  0  16.2398301878
1.0  1  1  1  1  1  1  1  1  1  1  1  0  0  0  0  0  1  1  1  1  1  1  1  1  1  1  1  1  1  1  0  0  15.4119471158
1.0  0  0  0  0  0  0  0  0  0  0  1  1  1  1  1  1  1  0  0  0  0  0  0  0  0  0  0  0  0  1  1  1  15.8836245626
1.0  0  0  0  0  0  0  0  0  0  0  0  0  0  0  0  0  0  0  0  0  0  0  0  0  0  0  0  0  0  0  0  0  16.7339038037
1.0  0  0  0  0  0  0  0  0  1  1  1  1  1  1  1  1  1  0  0  0  0  0  0  0  0  0  0  0  0  0  0  1  15.9395172997
1.0  0  0  0  0  0  0  0  0  0  0  0  0  0  0  0  0  1  1  1  1  1  1  1  0  0  0  0  0  0  0  0  0  16.2442830008
1.0  1  1  1  0  1  0  0  0  0  0  0  0  0  1  1  1  1  1  1  1  1  1  1  1  1  1  0  1  1  1  1  1  15.6882649056
1.0  0  0  0  0  0  0  0  0  0  0  0  0  0  1  1  1  1  1  1  1  0  0  0  0  0  1  1  1  1  1  1  1  16.0866048276
1.0  1  1  1  0  0  0  0  0  0  0  0  0  0  0  0  0  0  0  0  0  0  0  0  0  0  0  0  0  0  0  0  0  16.8177301241
1.0  0  0  0  0  0  0  0  0  0  0  0  0  0  0  0  0  0  1  1  1  1  1  0  0  0  0  1  1  1  1  1  1  16.190838013
1.0  1  1  1  1  1  1  1  0  1  1  1  0  0  1  1  0  0  0  0  0  0  0  0  0  0  0  0  0  0  0  0  0  16.9570615112
1.0  0  0  0  0  0  0  1  0  0  0  0  0  1  0  0  0  0  1  1  1  1  1  1  1  1  1  1  1  1  1  1  1  16.3477043378
1.0  1  0  0  0  0  0  0  0  0  0  0  0  0  0  0  0  0  0  0  0  0  0  0  0  0  0  0  0  0  1  1  1  16.218035955
1.0  0  0  1  1  1  1  1  1  1  1  0  0  1  1  1  1  1  1  1  1  1  1  1  1  0  0  0  0  0  0  0  1  15.5534772972
1.0  1  1  1  1  1  1  1  1  1  1  1  1  1  1  1  1  1  1  1  1  1  1  1  1  1  0  0  0  0  0  1  1  15.4730971791
1.0  1  0  0  0  0  0  0  0  0  0  0  0  0  0  0  0  1  1  1  1  1  1  1  1  1  1  1  1  0  0  0  0  16.1936275135
1.0  0  0  0  1  1  1  1  1  1  1  1  1  1  1  1  0  0  0  0  0  1  1  0  0  0  0  0  0  0  1  1  1  15.7521215875
1.0  0  0  0  1  1  0  0  1  1  1  1  1  0  0  0  0  0  0  0  0  0  0  0  0  0  0  0  0  0  0  0  0  16.5512863445
1.0  0  0  0  0  0  0  1  1  1  0  0  0  1  1  1  1  1  1  1  1  1  1  1  1  1  1  1  1  1  1  1  1  15.9644868748
1.0  1  1  1  1  1  1  1  1  1  1  1  1  0  0  0  1  1  1  1  1  1  1  1  1  1  1  1  1  1  1  1  1  15.295873992
1.0  0  1  1  0  0  0  0  0  1  1  1  0  0  0  0  0  0  0  0  0  0  0  0  0  0  0  0  0  1  1  1  1  15.9166259144
1.0  0  0  0  0  0  1  1  0  0  0  0  0  1  1  1  1  1  1  1  1  1  1  1  0  0  0  0  0  0  0  0  0  15.8502948822
1.0  0  0  0  0  0  0  0  0  0  0  0  1  1  1  0  1  1  1  1  1  1  1  1  1  1  1  1  1  1  1  1  1  16.5432836472
1.0  0  0  0  0  0  0  0  0  1  0  1  0  0  0  0  0  0  0  0  0  0  0  0  0  0  0  0  0  0  0  0  0  16.5941064841
1.0  0  0  0  0  0  0  1  1  1  1  1  1  1  1  1  1  0  0  0  0  0  0  0  0  0  0  1  1  1  1  1  1  15.5807330382
1.0  0  0  0  1  1  1  1  1  1  1  1  1  1  1  0  0  0  0  0  0  0  0  0  0  1  1  1  1  0  0  0  0  15.9706030883
1.0  1  0  0  0  1  1  1  1  0  0  0  0  0  1  0  0  0  0  0  0  0  0  0  0  0  0  0  0  0  0  0  0  16.6424373551
1.0  0  0  0  0  0  0  0  0  0  0  0  0  1  1  1  0  0  0  0  0  0  0  0  0  0  0  0  0  0  0  0  0  16.489149384
1.0  0  0  0  1  1  1  1  1  1  1  1  1  1  1  1  0  0  0  0  0  0  0  0  1  1  0  0  0  0  0  0  0  16.2383008139
1.0  1  1  1  0  0  1  1  1  1  1  1  1  1  1  1  1  0  0  1  1  1  1  0  0  0  1  1  1  1  1  1  1  15.3604053075
1.0  1  0  0  0  0  0  0  0  0  0  0  0  0  0  1  1  1  1  1  1  1  1  1  1  1  1  1  1  1  1  1  1  16.5858053531
1.0  1  1  1  1  1  1  1  0  1  1  1  1  1  1  1  1  1  1  1  1  1  1  1  1  1  1  1  0  0  0  0  0  15.4717686976
1.0  0  1  1  1  1  0  0  0  0  0  0  0  0  0  0  0  1  1  1  1  0  0  0  0  0  0  0  0  0  0  0  0  16.3184855016
1.0  0  1  1  0  1  1  0  1  1  0  1  0  1  1  1  0  1  0  0  1  0  1  0  1  0  1  0  1  0  0  1  1  15.6094759294
1.0  0  1  1  1  1  1  1  0  1  0  0  1  1  0  0  1  1  1  0  0  0  1  0  1  1  0  1  0  0  0  0  0  15.9338163608
1.0  1  1  1  0  1  0  0  0  1  0  0  0  0  0  1  1  0  1  1  1  1  0  1  1  1  0  1  1  0  0  1  0  15.6950266008
1.0  0  1  0  0  0  1  0  0  1  0  1  0  1  0  1  0  0  0  1  1  1  0  1  1  0  0  0  0  1  1  0  0  15.8751844674
1.0  0  1  0  1  0  1  1  1  0  1  1  1  1  0  1  1  0  0  0  0  0  0  0  1  1  1  0  0  1  1  0  0  15.7853053059
1.0  0  0  1  0  1  0  1  1  0  1  0  1  1  1  0  1  0  0  1  0  1  1  1  0  0  0  1  0  1  0  1  1  15.6140993702
1.0  0  1  1  0  0  1  1  0  0  1  1  0  1  0  0  0  0  1  0  0  0  0  1  0  0  0  1  1  1  0  1  1  15.7089428998
1.0  0  1  0  0  0  0  0  1  0  0  0  0  1  1  0  0  1  0  0  0  0  1  1  0  1  1  1  0  1  0  0  1  15.8954700423
1.0  1  0  0  0  1  0  0  1  1  1  0  0  0  1  0  1  0  0  0  0  1  1  1  1  1  1  0  0  0  0  0  1  15.7836457981
1.0  0  1  0  0  0  1  0  1  0  1  0  1  1  0  1  0  0  1  0  0  1  0  0  0  1  0  0  1  0  1  1  0  15.8038139953
1.0  0  1  1  0  1  0  0  0  0  1  0  1  0  1  1  0  1  1  1  0  1  0  1  0  1  0  0  0  0  0  0  0  15.9241871301
1.0  1  0  1  1  1  0  1  1  0  0  1  0  0  1  0  1  0  0  1  1  1  0  1  0  1  1  1  1  0  1  1  0  15.5712844554
1.0  1  1  0  1  1  0  0  1  0  0  1  0  0  0  0  1  0  0  0  1  1  0  1  1  1  1  0  1  0  1  0  0  15.7992142479
1.0  0  0  1  0  1  0  1  1  1  1  0  1  1  1  0  1  1  1  1  0  1  1  1  0  1  1  0  0  0  1  0  0  15.5755226035
1.0  0  1  1  0  1  0  1  0  1  1  0  0  1  1  1  1  1  0  0  0  1  0  1  0  1  0  0  1  0  1  0  0  15.7844819461
1.0  0  0  0  1  1  1  1  0  1  1  0  0  1  0  0  1  0  1  0  1  0  1  0  1  1  0  0  1  1  0  0  1  15.6593851537
1.0  0  1  1  0  1  0  1  1  1  0  1  0  0  0  1  0  0  1  1  1  0  1  1  0  0  1  0  1  1  0  1  1  15.5724285501
1.0  1  0  0  0  1  0  1  0  1  1  0  0  0  0  1  0  0  1  0  1  0  1  1  1  0  1  1  1  1  1  1  0  15.6361670457
1.0  0  0  1  0  1  0  1  0  1  0  1  0  0  0  1  1  1  1  1  0  0  0  1  1  0  0  1  1  0  0  0  0  15.817162821
1.0  0  0  1  1  1  0  1  1  0  1  1  0  1  0  1  0  0  1  1  0  0  0  0  0  1  1  1  1  1  1  1  0  15.5569734874
1.0  1  1  1  0  0  1  1  1  1  0  1  0  0  1  0  1  1  1  1  0  0  1  0  1  0  0  0  1  1  1  0  0  15.7196290392
1.0  1  1  0  0  1  0  0  0  0  1  1  0  1  1  0  0  1  0  0  0  0  0  0  0  0  1  1  0  1  0  0  0  16.0782301185
1.0  0  0  1  0  1  0  0  0  0  1  1  0  1  0  1  1  1  0  0  0  1  1  0  0  0  1  1  0  0  0  0  1  15.8071975639
1.0  1  0  0  1  1  0  1  0  1  1  0  1  0  1  0  1  0  1  0  1  1  0  1  0  0  0  1  0  0  1  1  1  15.6071339498
1.0  1  1  0  0  1  0  1  1  0  0  0  1  1  0  1  1  0  1  0  0  0  0  0  1  1  1  0  1  1  1  1  1  15.5361879736
1.0  1  1  0  1  0  0  0  0  1  0  1  0  0  1  1  0  1  0  1  0  1  1  1  1  0  0  0  0  1  0  1  0  15.8049836427
1.0  1  1  0  1  1  0  0  1  0  0  0  1  0  1  0  0  1  1  1  1  0  1  0  1  1  1  0  0  0  0  0  1  15.7360575012
1.0  0  0  1  1  0  0  0  1  0  1  0  0  0  0  1  1  0  0  1  1  1  1  1  0  0  0  1  1  1  1  0  1  15.6820046485
1.0  0  1  0  1  0  1  0  1  0  0  0  0  1  1  0  1  1  0  0  1  1  1  1  1  1  1  1  1  1  1  1  0  15.5893854199
1.0  1  1  1  0  1  1  1  0  0  1  0  0  0  1  1  1  0  1  0  1  1  0  0  0  0  1  1  0  1  1  0  1  15.626151762
1.0  0  1  1  1  1  1  1  0  1  0  0  1  0  1  0  1  1  0  0  0  1  1  0  0  0  1  0  1  0  0  0  0  16.0471824409
1.0  0  0  0  0  0  0  1  0  0  0  0  1  0  0  0  0  1  0  0  1  1  0  0  1  1  0  1  0  1  1  0  0  16.0379175269
1.0  0  0  1  0  0  1  0  1  1  1  0  0  0  0  1  1  0  0  0  1  0  0  0  1  0  1  0  1  1  0  0  1  15.7895057123
1.0  1  1  0  1  0  1  1  1  1  0  1  0  0  0  1  0  1  1  1  0  1  0  0  0  1  0  1  0  0  0  1  0  15.8751071073
1.0  0  1  1  1  1  1  1  1  1  0  1  0  1  0  0  0  0  1  0  1  0  0  0  0  1  0  1  1  1  1  1  0  15.7114321854
1.0  0  1  1  0  1  1  1  1  1  0  0  1  0  0  0  1  0  1  1  1  1  1  1  1  0  0  1  1  1  1  1  1  15.4093361089
1.0  0  1  0  0  0  0  1  1  0  1  0  0  0  1  0  0  0  0  0  0  1  0  1  1  1  1  1  1  1  1  1  0  15.6960599216
1.0  1  0  0  0  0  0  1  1  0  0  1  1  0  1  0  1  1  1  1  0  1  1  0  1  0  1  0  1  0  1  1  1  15.6260497727
1.0  0  0  0  1  0  0  1  0  0  0  1  0  0  1  1  1  0  1  0  0  0  1  0  0  1  0  0  1  0  0  1  1  15.8268577333
1.0  1  0  1  0  1  1  1  1  0  1  0  0  0  1  0  1  1  1  1  0  1  0  0  1  1  1  1  1  0  0  0  1  15.5622246142
1.0  0  1  1  1  1  1  0  0  1  1  1  0  1  0  1  1  1  0  1  1  0  0  0  1  1  0  0  0  0  0  1  1  15.6981977568
1.0  1  0  0  1  1  1  1  1  0  0  1  0  0  0  1  1  1  0  1  1  1  1  0  0  1  0  0  1  1  0  1  0  15.6463871355
1.0  1  1  0  0  1  0  1  0  0  0  0  0  0  1  0  0  0  1  1  0  1  1  1  1  0  0  1  0  0  1  1  0  15.8075125493
1.0  1  1  0  0  1  1  0  1  0  0  1  1  1  1  1  1  1  0  0  0  0  0  0  1  1  0  0  1  1  0  1  1  15.6019836165
1.0  1  1  0  0  1  1  0  0  0  1  0  0  0  1  1  0  0  1  0  1  1  1  0  0  0  1  1  0  0  1  1  0  15.7715220456
1.0  0  1  1  1  0  0  0  1  1  0  0  1  1  0  0  0  0  0  0  1  0  1  1  1  1  0  0  0  1  0  1  0  15.8509703821
1.0  1  0  1  0  1  1  0  0  1  1  1  1  0  0  1  1  1  0  1  0  1  1  1  1  0  0  0  1  0  0  0  1  15.6384766505
1.0  0  1  1  1  0  1  1  0  1  1  0  0  0  0  1  1  1  1  0  0  0  1  0  0  1  0  1  1  1  1  0  1  15.5817144546
1.0  0  0  1  0  0  1  1  1  0  0  1  1  1  1  0  1  1  0  1  0  0  1  0  1  1  0  1  1  1  1  1  0  15.5514901492
1.0  1  1  1  1  1  1  1  1  0  0  0  0  1  0  0  0  0  0  0  0  1  1  1  1  0  1  0  0  0  0  1  1  15.8706751101
1.0  1  1  1  0  0  0  0  1  1  1  1  0  0  1  1  1  0  1  0  1  1  0  1  1  0  0  0  0  1  0  0  1  15.7134324559
1.0  0  1  1  0  1  1  1  0  1  0  1  0  0  0  1  1  0  0  1  0  1  0  1  1  0  1  1  0  1  0  1  1  15.5757423867
1.0  0  0  0  1  0  0  0  0  1  0  1  0  1  0  0  0  1  0  0  1  1  1  1  1  1  1  1  1  0  0  1  0  15.8170587937
1.0  1  0  0  0  1  1  0  1  1  0  0  1  1  0  0  0  1  1  0  0  0  0  0  1  0  0  1  1  0  0  1  1  15.7783732042
1.0  0  1  1  0  0  0  1  1  0  0  0  0  0  1  1  0  0  0  1  0  1  0  1  1  1  0  0  1  0  1  1  0  15.7848801717
1.0  1  0  0  1  0  0  0  0  1  0  1  0  0  0  1  0  0  0  0  1  1  0  0  0  1  1  1  1  1  1  0  0  15.8093766724
1.0  1  0  0  0  1  1  1  0  0  1  0  1  1  0  1  0  1  1  0  0  0  1  1  0  1  1  1  1  0  1  1  1  15.5059795162
1.0  0  0  0  0  0  0  1  1  1  1  0  1  1  0  0  1  0  0  0  1  0  1  0  1  0  0  1  1  1  0  0  1  15.7375404676
1.0  1  1  0  1  1  1  0  0  0  1  0  1  0  1  0  0  1  1  1  0  0  1  1  1  0  1  1  1  1  1  0  0  15.5709208006
1.0  1  0  1  1  0  0  0  1  1  1  1  0  1  1  1  1  1  0  1  0  1  0  1  1  1  0  1  0  0  0  0  1  15.6204548782
1.0  1  0  1  0  1  1  0  0  1  1  0  0  0  1  1  1  1  1  1  0  0  0  0  1  0  0  0  0  1  1  1  0  15.7034568995
1.0  1  1  1  1  1  0  0  1  1  0  0  1  1  0  0  1  1  1  0  1  1  1  1  1  0  0  1  0  1  0  1  0  15.6144372018
1.0  0  1  1  0  0  1  0  0  1  0  1  0  1  1  1  0  1  1  0  0  0  1  0  0  1  1  0  1  0  1  1  0  15.6988622295
1.0  1  0  0  1  1  1  1  0  1  0  0  1  0  1  0  1  1  0  1  1  1  1  0  1  0  1  0  1  0  1  0  1  15.5277841532
1.0  1  0  1  1  1  0  1  1  1  0  0  1  1  1  0  0  0  0  0  0  0  0  0  1  1  1  1  1  0  1  1  1  15.5560672602
1.0  1  1  0  0  1  1  1  1  0  0  0  1  1  1  1  0  0  0  0  0  1  1  0  0  1  1  1  0  0  0  0  0  15.9092682755
1.0  0  0  1  1  1  0  0  0  0  1  1  0  1  1  1  0  1  1  1  1  1  1  0  0  0  1  1  1  1  1  1  1  15.5237525728
1.0  0  0  0  0  0  1  0  1  1  1  1  1  1  0  1  1  1  1  0  0  0  1  1  1  1  0  0  1  1  1  1  1  15.5662747676
1.0  0  0  0  0  0  0  0  0  0  0  0  0  1  1  0  0  1  1  1  1  0  1  1  1  1  1  1  1  1  1  1  1  16.4639816379
1.0  0  1  1  0  0  0  0  1  1  1  1  1  1  0  1  0  1  1  1  0  0  0  0  1  0  0  0  0  0  0  0  0  16.0315223837
1.0  0  0  1  1  1  1  1  1  1  1  1  1  1  0  0  1  0  0  0  1  1  1  0  0  0  0  0  0  1  1  1  1  15.6418613456
1.0  0  0  0  0  1  1  0  1  1  1  1  1  0  0  0  1  1  0  0  0  0  1  1  0  0  1  0  0  0  1  0  0  15.8816888817
1.0  0  0  0  0  0  0  1  1  1  0  0  0  0  0  0  0  0  0  0  0  1  0  0  0  0  1  1  0  0  0  0  0  16.241956355
1.0  0  0  1  1  0  1  0  0  0  1  1  1  1  1  0  0  1  1  0  0  0  0  1  0  1  1  1  1  1  0  0  1  15.5884974322
1.0  1  1  1  0  1  0  0  0  0  0  0  1  1  1  1  0  1  1  1  1  0  0  1  1  1  1  1  1  0  1  0  0  15.6172120781
1.0  0  0  0  0  1  0  0  0  0  0  0  0  0  1  1  1  1  0  0  1  1  1  1  1  1  1  1  1  1  1  1  1  16.2620079985
1.0  1  1  1  1  1  1  0  0  0  1  1  1  1  1  0  0  1  1  0  0  1  1  0  0  1  1  1  1  1  1  1  1  15.4084839988
1.0  1  1  1  0  0  0  1  1  0  0  1  1  1  0  0  0  0  0  0  0  0  0  0  0  1  1  1  0  0  0  0  0  16.2166615583
1.0  1  0  0  0  0  1  1  1  1  1  1  1  1  1  0  1  1  1  0  1  1  1  1  1  1  1  0  0  0  0  0  1  15.487027241
1.0  1  1  1  1  1  1  1  1  1  0  0  1  1  0  1  1  1  1  1  1  1  1  0  1  0  0  0  0  0  0  0  1  15.8071243382
1.0  0  0  0  0  1  1  1  0  1  1  1  1  0  1  1  1  1  1  1  1  0  0  0  0  0  1  1  0  1  0  1  1  15.5081124629
1.0  0  0  0  1  1  0  1  1  0  1  0  0  1  1  1  1  0  1  1  0  0  1  1  1  1  0  0  0  0  0  1  1  15.6134652878
1.0  1  1  1  1  1  0  0  0  0  0  0  1  1  0  0  0  0  0  0  0  0  0  0  0  0  1  1  1  1  0  0  0  16.1482096669
1.0  0  0  0  0  0  0  0  1  1  1  1  1  1  1  1  1  0  1  1  1  0  0  1  1  0  0  0  0  1  1  0  1  15.6370238922
1.0  0  0  0  1  1  1  1  1  1  1  1  1  0  0  1  1  0  0  0  1  1  1  1  1  0  0  0  0  0  0  0  1  15.7371558106
1.0  1  1  1  1  1  0  1  1  1  1  1  1  1  1  0  1  1  0  0  1  1  1  1  1  1  1  1  1  1  1  1  1  15.3158809555
1.0  0  1  1  1  1  1  1  1  0  1  0  0  0  1  1  1  1  1  1  1  1  1  0  1  1  0  0  0  0  1  1  1  15.4497648696
1.0  1  0  0  0  1  1  1  1  1  0  0  1  1  1  0  0  0  1  1  0  0  0  0  0  0  0  0  0  0  1  1  1  15.8383339978
1.0  1  1  1  1  1  1  1  1  1  1  0  0  1  1  1  1  1  1  0  0  0  1  0  0  0  0  1  1  0  1  1  0  15.8083949357
1.0  0  0  0  0  1  1  0  0  0  0  1  1  1  0  1  1  1  1  1  1  1  1  1  1  1  1  1  1  1  1  0  1  15.8185924684
1.0  0  1  1  1  1  1  1  0  0  1  1  1  1  1  1  0  0  0  1  1  1  1  0  1  1  1  1  1  1  0  0  0  15.4853501451
1.0  0  0  1  1  1  0  0  0  0  0  0  0  1  1  1  0  0  1  1  1  1  1  1  1  1  1  1  1  0  0  1  0  15.6664160051
1.0  1  1  1  1  0  1  1  1  1  1  0  0  1  1  0  0  1  1  0  0  0  1  1  1  0  1  0  0  1  1  1  1  15.5372136653
1.0  1  1  0  1  1  0  0  0  0  0  1  1  1  1  1  1  0  0  0  0  0  0  1  1  1  0  1  1  1  1  0  0  15.6513092783
1.0  0  0  0  1  0  0  0  0  0  1  1  1  1  1  0  0  0  0  0  0  1  0  0  1  0  0  0  1  1  1  1  0  15.811345381
1.0  1  1  1  1  0  0  0  0  0  0  0  1  0  1  1  1  1  1  1  1  1  1  1  1  1  1  1  1  1  1  1  0  15.634194175
1.0  1  1  1  1  1  1  1  1  1  1  1  0  0  0  0  0  0  1  1  1  1  0  0  0  0  1  0  0  1  1  1  1  15.7199905286
1.0  0  0  1  1  0  0  1  1  0  1  1  1  1  1  1  1  0  1  1  0  0  0  0  0  1  1  1  1  1  1  1  1  15.4410927124
1.0  1  1  1  1  0  0  0  1  0  0  1  0  1  1  0  0  0  1  1  1  1  1  1  1  1  1  0  0  0  1  1  1  15.5313351125
1.0  1  1  1  1  1  1  1  1  1  0  0  0  0  1  0  0  0  0  0  1  1  1  1  0  1  1  0  0  1  1  0  0  15.834511453
1.0  0  0  0  0  1  0  0  0  0  0  1  1  1  0  1  1  0  1  1  1  1  0  1  1  1  1  0  1  1  1  0  1  15.8562528268
1.0  0  0  0  1  1  1  1  1  0  1  1  1  1  0  0  0  0  0  0  0  1  0  1  0  1  1  0  0  1  1  1  0  15.6838805892
1.0  0  1  1  0  0  0  0  0  0  0  1  0  1  1  0  0  0  0  0  1  1  1  1  1  0  1  1  0  0  0  0  0  15.9259596541
1.0  0  0  0  0  0  0  1  1  1  1  1  1  1  1  1  1  1  1  0  0  0  0  0  0  0  0  0  0  0  0  0  0  16.0222819594
1.0  0  0  0  1  0  0  0  1  1  0  0  0  0  0  0  0  0  1  1  1  1  1  1  0  0  0  1  0  0  0  0  0  16.0119607257
1.0  1  1  1  0  1  1  1  1  1  0  0  0  0  1  0  0  0  0  0  1  1  1  1  1  1  1  0  0  1  0  1  1  15.5832980009
1.0  1  1  0  1  1  1  0  1  0  0  0  1  1  1  0  1  1  1  0  0  0  0  0  0  0  0  0  0  1  0  1  0  16.0706673992
1.0  1  0  0  0  0  0  1  1  1  1  1  1  0  1  1  1  1  1  1  0  0  0  1  1  1  1  0  1  1  0  1  1  15.5158306403
1.0  1  1  0  0  0  0  0  0  1  0  0  0  0  1  0  0  1  1  1  1  1  0  0  0  0  1  0  1  1  1  1  1  15.736088136
1.0  1  0  1  0  0  0  0  0  0  0  0  0  0  0  0  0  0  0  0  1  0  0  0  1  1  1  1  1  1  1  1  1  15.8398355219
1.0  1  1  1  1  1  1  0  0  1  1  1  1  1  0  1  0  0  0  0  0  0  1  1  1  0  0  0  0  0  0  0  1  16.1387181243
1.0  1  1  1  1  0  0  1  0  0  0  0  0  0  1  0  1  1  1  1  1  0  0  1  0  1  1  1  1  1  0  0  1  15.6551451014
1.0  0  0  1  1  1  1  1  0  1  0  0  0  0  0  1  0  0  1  0  0  1  1  1  0  0  1  0  0  1  1  1  0  15.7417973689
1.0  1  1  1  1  1  1  1  0  0  0  0  0  1  1  1  1  1  1  0  0  1  1  1  0  0  1  0  1  1  1  1  1  15.4397907533
1.0  0  0  0  1  1  0  0  1  1  0  0  0  1  0  0  1  0  1  1  1  1  0  0  0  0  1  0  0  0  0  0  1  15.9024817723
1.0  1  1  0  0  1  1  1  1  1  0  1  1  1  1  1  0  1  0  0  0  0  1  1  1  1  0  0  1  0  1  1  0  15.6106034482
1.0  1  0  0  0  0  1  1  1  1  1  0  0  0  1  1  1  1  1  0  0  0  0  1  0  0  0  0  0  0  1  0  1  15.7746430762
1.0  1  0  1  1  1  1  1  0  1  0  0  0  1  1  1  0  0  0  0  1  1  1  1  1  0  1  1  1  0  1  1  1  15.4645990853
1.0  1  1  1  0  0  1  1  0  1  0  1  1  0  0  0  1  1  1  0  0  0  0  0  0  0  0  0  0  0  0  1  0  16.2684351345
1.0  1  1  1  1  0  1  1  0  1  0  0  0  0  0  1  1  0  0  0  0  0  0  0  0  0  0  0  1  0  0  1  1  16.1336297714
1.0  1  1  1  0  1  1  1  0  1  0  0  1  1  1  0  0  0  0  0  0  0  0  0  0  0  0  0  0  0  1  1  1  16.084667514
1.0  1  1  1  1  0  0  0  0  0  0  0  1  1  1  1  1  1  0  1  0  1  0  1  0  0  0  0  1  1  0  1  1  15.6296471197
1.0  1  1  0  0  1  1  1  0  1  1  1  0  0  0  1  1  0  0  0  0  1  0  1  1  1  1  1  1  1  1  1  0  15.4659469706
1.0  0  0  0  0  0  1  1  0  0  0  0  0  0  0  0  1  1  1  1  1  1  1  0  0  0  0  0  0  0  0  0  0  16.0436999747
1.0  0  1  1  1  0  0  0  0  0  1  1  0  0  0  0  0  0  1  1  0  1  0  0  0  0  0  0  1  1  1  1  1  15.7021757921
1.0  1  1  1  1  1  1  0  0  0  0  0  0  0  1  1  1  1  1  1  1  1  1  0  1  1  1  1  1  1  1  1  0  15.4766158179
1.0  0  0  1  0  0  0  0  1  0  0  0  0  0  1  1  0  0  1  1  1  0  1  0  0  0  0  0  1  1  0  0  0  16.0217211881
1.0  1  1  1  0  1  1  1  1  1  1  1  1  1  1  0  1  1  0  0  0  0  1  1  0  1  1  0  0  0  0  0  0  16.0639130915
1.0  1  1  1  1  1  1  1  1  1  1  1  0  0  0  0  0  0  0  0  0  0  0  0  0  0  0  0  0  0  0  0  0  17.1915445124
1.0  0  0  0  0  0  0  0  0  0  0  0  0  1  1  1  1  1  1  1  1  1  1  1  0  0  0  0  0  0  0  0  0  16.0429390652
1.0  0  0  0  0  0  0  0  0  0  0  0  0  0  0  0  0  1  0  0  0  0  1  0  0  0  0  0  0  0  0  1  1  16.2853532388
1.0  0  0  0  0  0  0  0  0  0  0  0  0  0  0  0  0  0  1  1  1  1  1  1  1  1  1  1  1  1  1  1  0  16.6031229527
1.0  0  0  1  1  1  1  1  1  1  1  1  1  1  1  1  1  1  1  1  1  1  1  1  0  0  0  0  0  0  0  0  0  15.837828957
1.0  0  0  0  1  0  0  0  0  0  0  0  0  0  0  0  1  1  1  1  1  0  0  0  0  0  0  0  0  0  0  0  0  16.2425625904
1.0  1  1  1  1  1  1  1  1  1  1  1  1  1  1  1  1  1  1  1  1  1  1  1  1  1  1  1  1  1  1  1  1  15.2965273577
1.0  0  0  0  0  0  0  0  0  0  0  0  0  0  0  0  0  0  0  1  1  1  1  1  0  0  0  1  1  1  0  0  0  16.2564745226
1.0  0  0  0  0  1  1  1  1  1  0  0  0  0  0  1  0  0  0  0  0  0  0  0  0  0  0  0  0  0  0  0  0  16.5502864597
1.0  1  1  1  1  1  0  0  0  0  0  0  0  1  1  1  1  1  1  1  1  1  1  1  1  1  1  1  1  1  0  0  0  15.5695039615
1.0  0  1  1  1  1  0  0  0  1  1  1  1  1  1  1  1  1  1  1  1  1  1  1  0  0  0  0  0  0  0  0  0  15.7182907409
1.0  1  1  1  1  1  1  1  1  1  1  1  1  1  1  1  0  0  0  1  1  1  0  0  1  1  1  1  1  1  1  1  1  15.3812528901
1.0  1  1  1  1  1  1  1  1  1  1  1  1  1  1  1  1  1  1  1  1  1  0  0  0  0  0  0  0  0  0  0  0  16.4994095597
1.0  0  0  0  0  0  0  0  0  0  0  0  0  0  0  0  0  0  0  0  0  0  0  0  0  0  1  1  0  0  0  0  0  16.5315778643
1.0  1  1  1  1  1  1  1  0  0  0  0  0  0  0  0  1  1  1  0  0  0  0  0  0  0  0  0  0  0  0  0  0  16.6640932629
1.0  1  1  1  1  1  1  1  1  1  1  1  1  1  1  1  1  1  1  1  1  1  1  0  0  0  0  0  0  0  0  0  0  16.2992877988
1.0  0  1  1  1  0  0  0  0  1  1  1  1  1  1  1  1  1  1  1  1  1  1  1  1  1  1  1  1  1  1  1  1  15.5236711506
1.0  1  1  1  1  1  1  1  0  0  0  0  0  0  0  0  0  0  0  0  0  0  0  0  0  0  0  0  0  0  0  0  0  16.9985388919
1.0  1  1  1  1  1  1  1  1  1  1  0  0  0  0  0  0  0  1  1  1  1  1  1  1  1  0  0  0  0  0  0  0  15.9914397616
1.0  1  1  1  1  1  1  0  0  0  0  0  0  0  0  0  0  0  0  0  0  1  1  1  1  1  1  1  1  1  1  1  1  15.4281800022
1.0  1  1  1  1  1  1  1  1  1  1  1  1  0  0  0  0  1  0  0  0  0  1  1  1  1  1  1  1  1  1  1  0  15.5134333735
1.0  0  0  0  0  0  0  0  0  0  1  1  1  1  1  0  0  0  0  0  0  0  0  0  1  1  0  0  0  0  0  0  0  16.1553657399
1.0  0  0  0  0  1  1  1  0  0  0  0  0  0  0  0  0  0  0  0  1  1  1  1  1  1  1  1  1  1  0  0  0  15.8363096081
1.0  1  1  1  1  1  1  1  1  1  1  1  1  1  1  1  1  1  1  1  1  1  1  1  1  1  1  1  1  1  1  1  1  15.2819876036
1.0  0  0  0  0  0  0  0  0  0  0  0  0  0  0  0  0  0  0  0  0  0  0  0  0  0  0  0  0  0  0  0  0  16.7158877559
1.0  0  0  0  0  0  0  0  0  0  1  1  1  1  1  1  1  1  1  1  1  0  0  1  1  1  0  0  0  0  0  0  0  15.8351961798
1.0  0  0  0  0  0  0  0  0  0  0  1  1  1  1  1  0  1  0  0  0  0  1  1  1  1  1  1  1  1  1  1  1  16.0600353905
1.0  1  1  1  1  1  1  0  0  0  0  0  0  0  0  0  0  0  0  0  0  1  1  0  0  1  1  1  0  0  1  0  0  16.1094552279
1.0  0  0  0  0  0  0  0  0  0  0  0  0  0  1  1  1  1  0  0  0  0  1  1  1  1  1  1  1  0  1  1  1  16.215370158
1.0  0  0  0  0  0  0  0  0  0  0  0  0  0  1  1  1  0  0  0  0  0  0  0  0  0  0  1  1  1  0  0  0  16.2447392828
1.0  1  1  1  1  0  0  0  0  0  0  0  0  0  0  0  1  1  1  1  1  1  1  1  1  1  0  0  0  0  0  0  0  15.9049662761
1.0  0  0  0  0  0  0  0  0  0  0  0  0  0  0  1  1  1  1  1  1  1  1  1  1  1  1  1  1  1  1  1  1  16.828350361
1.0  1  1  1  1  1  1  1  1  1  1  0  0  0  0  0  0  0  0  0  0  0  0  1  1  1  1  0  0  1  1  1  1  15.6952316536
1.0  0  0  1  1  1  1  1  1  1  1  1  1  1  1  0  1  1  1  1  1  0  0  0  0  1  1  0  0  0  0  0  0  15.9122813181
1.0  1  1  1  1  1  1  1  0  0  0  0  0  0  0  0  0  0  0  1  0  0  0  1  1  1  0  0  0  0  0  0  1  16.1948721777
1.0  0  0  0  0  0  0  0  0  0  0  0  0  0  0  0  0  0  0  0  0  0  0  1  1  1  1  1  1  1  0  0  0  16.2789836378
1.0  1  1  1  1  1  1  1  0  0  0  0  0  0  0  0  0  0  0  0  1  1  1  1  1  1  1  1  1  1  1  1  0  15.51831469
1.0  0  0  0  0  0  0  0  0  1  1  1  1  1  0  0  0  0  1  1  1  1  1  1  1  1  1  0  0  0  0  0  0  15.8297718594
1.0  0  0  0  0  0  0  0  0  0  0  1  1  1  1  1  1  1  1  1  1  1  1  1  1  1  1  1  1  1  1  1  1  16.4212594245
1.0  0  0  0  0  0  0  0  0  0  0  0  0  1  1  1  1  1  1  1  0  0  0  0  0  0  0  0  1  1  1  0  0  16.0189042893
1.0  0  0  1  1  0  0  0  0  0  0  0  0  0  0  0  0  0  0  0  0  1  1  1  1  0  0  0  0  0  0  0  0  16.2940397849
1.0  0  0  0  0  0  0  0  0  0  0  0  0  0  0  0  0  0  1  1  1  1  1  1  1  0  0  0  0  0  0  1  1  16.1794661714
1.0  1  1  1  1  1  1  1  1  1  1  1  1  1  1  1  1  1  1  0  0  0  0  0  0  0  0  0  0  0  0  0  0  16.954242148
1.0  0  0  0  0  0  0  0  0  0  0  1  1  1  1  1  1  1  1  1  1  1  1  1  1  1  0  0  0  0  0  0  0  15.8981438767
1.0  1  1  1  1  1  1  1  1  1  1  1  1  1  1  1  1  1  1  1  1  1  1  1  1  1  0  0  0  0  0  0  0  15.7648760096
1.0  1  1  0  0  0  0  0  0  0  0  1  1  1  1  1  1  1  1  1  1  1  1  0  0  0  0  0  0  0  0  0  0  15.8250848123
1.0  0  0  0  0  0  0  0  1  1  0  1  1  1  1  1  0  0  1  1  1  0  0  0  0  0  0  0  0  0  0  0  0  16.0273202304
1.0  1  1  1  1  1  1  1  1  1  1  0  0  1  1  1  1  1  1  0  1  1  1  1  1  1  1  1  1  1  1  1  1  15.3040271367
1.0  0  0  0  0  0  0  0  0  0  0  0  1  0  0  0  0  0  0  0  0  1  1  1  1  1  1  1  1  1  1  0  1  16.256606676
1.0  1  1  0  0  0  0  0  0  0  0  0  0  0  0  0  0  0  0  0  0  0  0  0  0  0  0  0  0  0  0  0  0  16.7541952759
1.0  1  1  1  1  1  1  0  1  1  1  1  1  0  1  1  1  1  1  1  1  1  1  0  0  0  0  1  0  1  1  1  1  15.4567695354
1.0  0  1  0  0  0  1  1  1  1  1  1  1  1  0  0  0  0  0  0  0  1  1  1  1  1  1  1  1  1  0  0  0  15.5949096909
1.0  1  1  1  1  0  0  0  0  0  0  0  0  0  0  0  0  1  1  1  1  1  1  1  1  1  1  1  1  1  0  0  0  15.7939243204
1.0  0  0  0  0  0  0  1  1  1  1  1  1  1  1  1  0  0  0  1  1  0  1  0  0  1  1  1  1  1  1  1  1  15.5812361092
1.0  1  1  1  1  1  1  1  1  1  1  1  1  0  0  0  0  0  0  0  0  0  0  0  0  1  0  0  0  0  0  0  0  16.9936250512
1.0  1  1  1  1  1  1  1  1  1  1  1  1  1  1  0  0  1  1  1  1  1  1  1  0  0  0  0  0  1  1  1  1  15.5510479663
1.0  0  0  0  0  0  0  0  0  0  0  0  0  1  1  1  0  0  0  0  0  0  1  1  1  1  1  1  1  1  1  1  1  16.2081181564
1.0  0  1  1  1  1  1  1  1  1  1  1  1  1  1  1  1  1  0  0  0  0  0  0  0  0  0  1  1  1  1  1  1  15.6238854356
1.0  0  0  0  0  0  0  0  0  0  0  0  0  0  0  0  0  1  1  1  1  1  1  1  1  1  1  1  1  1  1  1  1  16.8737838394
1.0  1  1  1  1  1  1  1  1  1  1  1  1  0  0  0  0  0  0  0  0  0  0  0  0  0  0  0  0  0  0  0  0  17.2100283307
1.0  1  1  1  1  0  0  0  0  0  0  1  1  1  1  1  1  1  1  1  1  1  0  0  0  0  0  1  1  1  1  1  1  15.4652683689
1.0  1  1  1  1  0  1  1  1  1  1  1  1  1  1  1  1  1  1  1  1  1  1  1  1  1  1  1  1  1  1  1  1  15.2883323766
1.0  1  0  0  1  1  1  1  1  1  1  0  0  0  1  1  1  1  1  1  1  1  1  1  1  0  0  0  0  0  0  0  0  15.7138935439
1.0  0  0  1  1  1  1  1  1  1  1  1  0  1  1  1  1  1  1  1  1  0  0  0  0  0  0  0  0  0  0  0  0  16.2378006096
1.0  0  1  0  0  0  0  0  1  0  1  0  1  0  1  1  1  1  1  1  1  0  0  1  0  1  1  1  0  1  1  0  1  15.6848746361
1.0  1  1  0  0  0  1  0  1  0  1  0  1  0  1  0  1  0  1  1  0  1  1  0  1  0  1  0  0  0  1  1  0  15.7265113803
1.0  1  0  0  0  0  0  0  1  0  0  1  1  1  1  0  0  0  1  1  0  0  1  1  0  0  1  0  0  1  0  0  1  15.8250571826
1.0  1  1  0  1  1  0  1  1  1  0  0  1  0  1  1  0  0  1  1  1  0  0  0  1  1  1  1  0  0  0  1  0  15.7160399108
1.0  0  0  0  0  0  1  0  1  1  1  1  1  0  1  1  0  1  0  0  0  1  1  0  1  0  1  0  0  1  0  1  0  15.7353918571
1.0  1  0  1  1  0  1  1  0  1  0  1  0  0  1  0  1  0  0  0  0  0  0  0  0  0  0  1  0  1  0  0  1  16.0965901045
1.0  1  1  0  0  1  0  0  0  0  0  0  0  0  1  0  0  0  1  1  1  0  0  0  0  0  0  1  1  0  1  0  1  15.9155327135
1.0  1  1  0  1  0  0  1  0  0  0  0  0  0  0  1  1  1  1  1  0  1  1  1  0  1  1  0  0  0  1  1  1  15.6805994019
1.0  1  0  0  0  1  0  1  0  0  1  1  0  1  0  1  1  1  1  1  1  0  1  1  1  1  1  0  0  0  1  1  1  15.5549244836
1.0  0  0  0  1  0  0  1  1  1  0  1  0  1  1  0  0  1  0  1  1  0  1  0  1  1  0  0  1  1  1  1  1  15.5640020684
1.0  1  1  0  0  1  1  1  1  1  0  1  0  0  0  1  1  1  1  0  1  0  0  1  0  1  0  1  0  0  1  1  1  15.5796011235
1.0  0  0  0  0  0  0  1  0  0  1  1  1  0  1  1  1  1  1  0  1  1  0  1  0  0  0  1  0  0  0  1  1  15.7515235435
1.0  1  0  0  1  1  0  1  0  0  1  1  1  0  1  0  1  0  0  0  0  1  1  0  1  1  0  0  1  0  1  0  1  15.6920584079
1.0  1  1  0  1  1  0  1  0  1  1  0  1  1  1  0  0  1  1  1  0  1  0  1  1  1  1  0  0  0  0  0  1  15.6225866247
1.0  1  1  1  0  1  0  1  1  1  0  0  1  1  0  1  1  1  1  0  1  1  0  1  0  0  0  1  0  0  0  0  1  15.7677590504
1.0  1  0  1  1  0  1  1  0  1  0  0  0  1  1  0  1  1  1  0  0  1  1  0  0  0  1  0  1  1  1  1  1  15.5252864793
1.0  0  1  0  1  1  0  0  0  1  0  0  0  1  0  1  0  0  1  1  1  1  0  0  1  1  0  0  0  1  1  0  0  15.7975892038
1.0  1  1  0  1  1  0  0  1  1  1  0  1  0  0  1  0  0  0  0  0  0  1  0  0  1  0  0  0  1  0  1  1  15.8744875447
1.0  1  0  0  0  0  0  1  0  1  0  0  1  0  1  1  0  0  0  0  1  0  1  0  1  1  1  0  1  0  0  1  1  15.7686572225
1.0  1  0  1  1  0  0  0  1  1  1  0  0  1  0  1  1  1  0  0  1  1  0  1  1  1  0  0  1  0  0  1  0  15.6792443276
1.0  1  1  1  1  0  1  0  0  1  0  0  1  1  1  0  1  0  0  0  1  1  0  0  1  0  0  1  1  1  0  1  0  15.7569303953
1.0  1  0  0  0  1  0  1  0  0  0  1  0  0  0  1  0  1  0  1  0  0  0  1  1  0  1  0  1  1  1  0  1  15.7071602534
1.0  0  0  0  0  1  0  1  1  1  1  1  0  1  1  1  1  1  0  1  1  0  0  1  0  0  0  1  1  1  0  0  1  15.5948306386
1.0  0  0  1  0  0  1  0  1  0  1  1  0  1  1  1  1  1  0  1  0  1  0  1  1  1  0  1  1  0  1  0  0  15.6402348192
1.0  1  0  1  1  1  0  0  1  0  0  0  0  0  0  0  0  1  1  0  1  0  1  0  0  1  0  0  0  1  0  0  1  15.9627598263
1.0  1  0  0  0  0  0  1  0  1  0  0  1  0  1  1  0  1  1  1  0  0  1  1  0  1  1  1  1  1  0  1  0  15.7485470387
1.0  0  1  1  0  1  0  1  1  0  0  1  0  0  0  0  1  1  0  1  0  1  1  1  0  1  1  1  0  1  1  1  0  15.5967697096
1.0  1  1  0  1  0  1  1  1  0  0  1  0  1  1  0  1  1  0  1  1  1  1  1  1  0  1  0  0  0  0  0  1  15.6137677319
1.0  1  1  0  1  1  0  0  0  1  1  1  0  0  0  1  1  1  1  0  0  0  1  0  0  1  1  0  1  1  1  1  0  15.6236618463
1.0  1  0  0  1  1  1  0  1  0  0  0  0  0  0  0  0  1  1  1  1  1  0  1  0  1  0  0  1  1  1  0  1  15.6376489256
1.0  1  1  0  0  0  0  0  0  0  1  0  0  0  1  1  0  0  1  0  0  0  1  0  0  0  1  0  1  1  1  0  1  15.8591548137
1.0  0  1  1  0  0  0  1  1  1  1  0  1  1  0  0  0  1  1  0  1  1  1  0  1  0  0  0  0  0  0  1  0  15.8145024767
1.0  0  1  1  1  1  0  0  0  1  0  0  0  0  1  0  0  0  0  1  0  1  1  1  0  1  0  0  0  0  0  0  1  15.9475350347
1.0  0  0  0  0  1  1  1  1  0  1  0  0  0  0  1  0  0  0  1  1  1  1  0  1  0  0  1  1  0  1  1  0  15.6905535008
1.0  1  1  1  1  0  0  0  1  0  1  1  1  0  0  0  1  0  1  1  1  1  1  1  1  1  0  1  1  0  1  0  0  15.5805784154
1.0  0  1  1  1  0  1  0  1  0  0  1  0  1  1  0  1  0  0  1  0  1  1  1  1  1  0  0  0  1  0  1  0  15.693520097
1.0  0  1  1  1  0  1  0  0  0  1  1  0  1  1  1  1  1  1  1  0  0  0  0  0  1  1  0  1  0  0  0  0  15.8098340687
1.0  1  0  1  1  0  0  0  0  1  0  1  1  0  0  0  0  0  1  0  1  0  1  0  0  0  0  1  0  1  1  0  1  15.8185399398
1.0  1  1  0  1  0  0  1  0  0  0  0  1  0  0  1  1  0  1  0  0  1  1  1  0  1  0  0  0  1  1  1  1  15.6403977372
1.0  1  1  0  1  1  1  1  1  0  0  1  0  0  1  0  1  0  0  0  0  1  0  0  1  1  0  1  0  0  1  1  0  15.8584306794
1.0  1  1  1  0  1  1  1  1  1  1  0  0  0  0  1  1  1  1  0  0  0  1  0  0  0  1  1  0  1  0  1  1  15.7004046715
1.0  0  1  0  1  1  0  0  0  0  0  1  0  0  1  1  0  1  1  0  0  0  0  1  1  1  0  0  0  0  1  1  1  15.7002933928
1.0  0  1  0  1  1  0  1  1  1  0  0  0  0  0  1  1  0  0  0  0  0  1  1  0  0  0  0  0  0  1  0  1  15.9750126182
1.0  0  1  1  1  1  0  1  0  0  1  0  1  0  0  0  0  0  1  0  0  1  0  0  1  0  0  0  0  1  0  1  1  15.8863672545
1.0  0  1  1  0  1  1  0  1  1  1  1  1  0  1  1  0  0  1  0  1  1  1  0  0  0  1  0  0  1  0  1  0  15.7257027058
1.0  1  0  0  1  0  1  0  1  1  1  0  1  1  1  0  0  1  1  1  0  1  0  1  1  1  0  0  0  1  1  1  0  15.5492253757
1.0  1  1  1  0  1  0  1  1  1  1  1  0  1  1  1  1  0  0  1  1  1  0  1  1  1  0  0  0  0  0  0  1  15.6879876547
1.0  1  0  1  0  0  1  1  0  0  0  1  0  1  1  1  0  0  0  0  0  0  1  0  0  0  1  1  0  0  1  0  1  15.8264634074
1.0  0  0  1  1  0  0  1  1  0  1  0  0  1  0  0  0  1  0  0  1  1  1  0  1  1  0  0  1  0  0  0  0  15.8811792605
1.0  1  1  0  0  1  0  1  0  0  1  0  1  0  1  1  1  0  0  0  0  1  1  1  0  0  0  0  0  0  0  1  1  15.8204457915
1.0  0  0  1  0  1  1  1  1  1  0  1  0  0  1  0  0  1  1  0  1  1  1  1  1  1  1  1  1  1  0  1  1  15.4373229692
1.0  1  1  1  1  0  1  0  0  0  0  1  1  0  1  1  0  1  1  1  1  1  0  0  0  1  1  1  0  1  1  1  0  15.5657331792
1.0  0  1  1  1  1  1  0  1  1  1  0  0  1  0  1  0  0  1  1  1  0  0  0  0  0  0  0  0  1  0  1  1  15.8592598088
1.0  0  1  0  0  0  1  0  1  1  0  1  0  0  0  0  1  0  0  0  1  0  0  0  1  0  1  1  0  0  0  1  0  15.9688006076
1.0  1  1  0  0  0  0  1  1  1  0  0  1  0  0  0  1  0  0  1  1  0  0  0  1  0  1  1  0  1  0  1  1  15.6877884293
1.0  0  0  0  1  1  0  0  1  1  1  0  1  0  0  0  1  0  1  0  0  0  1  1  0  1  1  1  1  0  0  1  0  15.731973705
1.0  1  0  0  1  1  1  0  0  0  0  0  1  0  1  1  0  1  1  1  0  0  1  1  0  0  0  1  1  1  0  0  0  15.7613209201
1.0  0  1  1  1  0  0  1  1  1  0  0  1  0  0  1  1  0  0  1  0  0  0  0  1  1  1  0  1  0  1  1  0  15.6912568685
1.0  1  1  1  1  1  0  1  1  0  0  0  0  0  1  0  1  1  0  1  1  1  1  0  0  0  0  1  0  0  1  1  1  15.6482992024
1.0  1  1  0  0  1  0  0  0  1  1  1  0  0  0  0  0  1  1  1  0  0  0  0  0  0  1  1  1  0  1  0  0  15.8808008262
1.0  0  1  0  1  1  0  0  1  0  1  0  1  1  0  1  1  1  0  0  1  0  0  0  0  1  0  1  0  1  0  1  1  15.6669324803
1.0  0  0  0  0  1  0  1  0  1  1  1  1  0  1  0  1  0  1  0  0  0  0  1  0  0  0  0  0  1  0  0  0  16.0311154883
1.0  0  1  1  0  0  0  0  0  0  0  1  1  0  1  1  0  1  0  0  1  1  1  1  0  0  0  1  1  0  1  1  1  15.6946769731
1.0  1  0  0  0  0  1  0  0  1  0  0  0  1  1  0  0  0  0  1  0  1  1  0  1  1  1  0  0  0  0  0  0  15.9772964629
1.0  1  0  0  0  1  0  0  0  0  0  0  0  0  1  1  1  1  1  1  1  1  1  1  1  1  1  0  0  1  1  1  1  15.917792339
1.0  0  0  0  1  1  1  1  1  1  1  1  1  1  1  1  1  1  1  1  1  0  1  1  1  1  1  1  0  0  0  0  0  15.4507631305
1.0  0  1  1  1  1  1  0  0  1  1  1  1  0  1  1  1  1  1  0  0  0  0  0  0  0  1  1  0  0  0  0  1  15.8771763972
1.0  1  1  1  1  1  1  0  0  0  0  0  0  0  0  0  0  1  1  1  0  0  0  0  0  1  1  1  1  1  1  0  0  15.8052735033
1.0  1  1  0  1  0  0  0  0  0  0  0  1  1  0  1  1  0  0  0  0  1  1  1  0  0  0  0  0  0  0  0  0  16.1619149217
1.0  1  1  0  0  0  0  0  1  1  1  0  0  0  0  0  0  0  0  0  0  0  1  0  0  0  0  0  0  1  1  1  1  15.8647763497
1.0  1  0  1  1  1  1  0  1  1  1  1  0  0  1  0  0  1  1  1  0  1  1  1  1  1  0  1  1  0  1  1  0  15.4878858209
1.0  1  1  1  1  1  1  1  1  1  1  1  1  0  0  0  0  0  0  0  0  0  0  0  0  0  0  0  0  0  1  0  0  16.95264204
1.0  1  1  0  0  0  0  1  1  0  0  1  0  0  1  1  1  0  0  0  1  1  1  1  1  0  0  0  1  0  0  0  0  15.8535998875
1.0  0  1  1  1  1  1  1  0  1  1  1  1  1  1  0  0  0  0  0  1  1  1  1  1  1  1  1  1  1  1  1  1  15.3410541603
1.0  0  0  1  0  0  1  0  1  1  1  1  0  0  0  0  1  0  0  0  0  1  1  0  1  0  0  0  0  0  0  0  0  16.1374269188
1.0  1  1  0  0  0  0  1  1  0  0  0  0  1  1  1  1  0  0  0  0  1  1  1  1  1  0  0  0  1  1  1  0  15.696679831
1.0  1  1  0  0  0  0  0  0  0  0  1  1  0  0  1  1  0  1  0  0  0  0  0  0  0  0  0  0  0  0  1  1  16.0254661257
1.0  1  1  1  1  1  0  0  1  1  1  0  0  1  0  0  1  1  1  0  1  0  0  1  1  1  1  1  1  1  1  0  0  15.5494511077
1.0  0  1  1  1  0  1  0  0  0  0  0  0  0  1  1  0  0  0  0  0  0  0  1  1  1  1  1  1  0  1  0  1  15.6950600799
1.0  0  0  1  1  1  0  0  0  0  0  1  1  0  0  0  0  0  0  0  0  0  1  1  1  1  1  1  1  0  0  1  1  15.6829298273
1.0  0  0  0  1  1  1  1  1  1  1  1  1  1  1  0  0  0  0  1  1  1  1  1  1  1  1  1  1  0  0  1  1  15.395103799
1.0  0  0  0  0  1  1  1  0  0  0  0  1  1  1  1  1  0  0  0  0  0  0  0  0  0  0  0  0  0  0  0  0  16.2751975675
1.0  0  1  0  1  1  1  0  1  1  1  0  1  1  1  1  1  0  0  0  1  0  0  0  0  0  0  1  0  0  0  0  0  16.2080600605
1.0  1  1  1  1  0  0  0  1  0  0  1  1  1  1  1  1  1  1  0  0  1  1  1  1  1  1  1  1  1  0  1  0  15.4436035135
1.0  1  0  0  0  1  0  0  0  0  0  0  0  1  1  1  0  0  1  0  0  0  0  1  1  0  0  1  1  1  1  0  0  15.8981017742
1.0  0  1  0  1  1  1  1  1  0  0  1  1  1  1  1  1  1  1  1  1  0  0  0  1  1  1  0  0  0  1  1  1  15.4398536867
1.0  1  1  1  0  0  0  0  1  1  0  0  0  1  1  1  1  1  1  0  0  0  0  0  1  0  0  0  1  1  1  1  0  15.6844889263
1.0  1  0  1  1  1  1  1  0  1  1  0  0  0  0  0  0  1  0  0  0  1  0  1  1  1  0  1  0  0  0  1  1  15.7557628493
1.0  0  0  1  1  0  0  1  0  1  1  1  1  0  1  1  1  1  1  1  1  1  1  1  1  0  1  1  1  0  0  0  0  15.5184761033
1.0  0  1  1  0  0  0  1  0  1  0  0  0  0  0  0  0  1  0  0  0  0  1  1  1  1  1  1  1  0  0  0  0  15.899911601
1.0  1  1  1  1  1  0  0  0  0  0  0  0  0  0  1  1  1  1  0  1  1  1  1  0  1  1  1  1  0  0  0  0  15.7142158111
1.0  1  1  1  0  0  0  1  1  1  0  1  1  1  0  0  0  0  0  0  0  0  0  0  0  0  0  0  1  1  1  1  1  15.7624409928
1.0  0  1  1  1  0  0  1  1  0  0  1  1  1  1  0  0  0  0  0  0  0  0  1  0  0  1  1  1  1  1  1  1  15.506633318
1.0  1  1  1  1  0  0  1  0  1  1  1  1  0  0  0  0  1  1  1  1  1  1  0  0  0  0  0  1  1  1  1  1  15.5197913899
1.0  0  0  0  0  1  1  0  1  0  0  0  1  0  0  0  0  0  0  0  0  0  0  0  0  0  0  0  0  1  1  1  1  15.9322295636
1.0  1  1  1  1  0  1  1  1  0  0  1  1  1  1  1  1  0  1  0  0  0  1  1  0  1  1  1  0  1  1  0  1  15.502562915
1.0  1  0  1  0  0  1  1  1  0  1  1  1  1  1  1  1  1  1  1  0  0  0  0  1  1  0  0  0  0  1  1  1  15.5314697696
1.0  1  1  1  0  0  0  0  0  0  0  0  0  0  0  1  1  0  0  0  0  0  0  0  0  0  1  0  0  0  1  0  1  16.1680089418
1.0  0  0  0  0  1  1  1  1  1  1  1  1  1  1  1  0  1  1  1  1  1  0  1  1  1  0  0  0  0  0  0  0  15.6266841363
1.0  1  1  1  1  1  1  1  1  0  0  0  0  0  1  0  1  1  1  1  0  1  1  0  1  1  1  0  0  1  1  1  1  15.4661325151
1.0  0  0  0  0  0  1  1  1  1  1  1  1  1  0  0  1  1  0  0  0  1  1  1  1  0  1  0  0  0  1  0  0  15.6899301029
1.0  1  1  0  0  0  0  1  1  1  1  0  0  1  1  1  0  0  0  1  1  0  1  0  0  0  0  0  1  1  1  0  0  15.7934320949
1.0  0  0  0  0  1  1  0  0  1  1  1  1  0  1  1  1  1  0  1  0  0  1  0  0  1  0  0  0  0  1  1  0  15.7329546005
1.0  0  0  1  1  1  1  0  0  0  1  0  1  1  1  1  1  1  1  0  0  0  0  1  0  1  1  1  1  1  1  1  0  15.4828564986
1.0  0  0  0  0  0  1  1  1  0  1  0  0  0  0  1  0  1  0  0  0  0  0  0  0  0  0  0  0  1  1  0  0  16.1324155728
1.0  0  1  0  0  0  1  1  1  1  1  0  1  1  0  0  1  0  0  0  1  1  0  1  0  0  0  1  0  0  1  1  1  15.6567362421
1.0  1  1  0  0  1  1  1  0  0  1  1  1  1  0  1  1  1  1  1  1  1  0  1  1  0  0  0  0  1  0  0  1  15.5630956239
1.0  0  1  1  1  1  1  0  1  1  0  0  0  0  1  1  0  0  0  1  0  0  0  0  0  0  0  0  1  1  0  1  0  16.078028486
1.0  0  1  1  0  0  1  1  1  1  1  1  0  0  0  0  0  0  1  1  1  1  1  1  0  1  0  0  0  1  0  1  1  15.5642717146
1.0  1  0  0  0  1  0  1  1  1  1  1  1  0  0  1  1  1  1  0  0  0  1  0  0  0  0  0  1  1  1  1  1  15.5339297671
1.0  0  0  1  0  0  1  1  1  0  0  1  0  0  0  0  1  1  0  0  0  1  1  0  0  0  0  1  0  0  0  0  0  16.1097323099
1.0  0  0  1  0  1  1  0  0  1  0  1  0  0  0  0  0  0  0  0  0  1  1  1  1  1  1  0  0  0  0  0  0  15.9704594558
1.0  1  1  0  0  0  0  0  0  1  1  1  1  1  1  0  0  1  1  0  0  0  0  0  1  0  0  0  0  0  0  0  0  16.1359818159
1.0  0  0  0  0  1  1  1  0  1  1  0  1  1  1  1  1  1  1  1  1  0  0  0  0  0  0  1  1  1  1  1  1  15.4970056521
1.0  1  0  0  0  1  0  0  0  0  0  0  0  0  0  1  1  1  1  1  1  1  0  1  1  1  1  0  0  0  0  1  1  15.8602186491
1.0  1  0  0  1  1  1  1  1  0  1  1  1  1  1  1  1  1  1  0  0  0  0  0  0  1  1  1  1  1  1  0  0  15.5494061914
1.0  0  0  0  0  0  0  1  1  1  0  0  1  0  0  0  0  0  0  0  0  0  1  1  0  0  0  0  0  0  0  0  1  16.1676440673
1.0  0  1  0  0  1  1  1  1  0  0  0  0  1  1  1  1  0  0  0  1  1  1  1  1  1  1  1  0  0  0  1  1  15.5100761616
1.0  0  1  1  1  1  0  1  1  1  0  0  1  1  1  1  1  1  1  0  0  0  0  0  0  0  1  1  1  1  1  1  1  15.4724845721
1.0  1  1  1  1  1  0  1  0  1  1  1  1  1  0  0  0  1  1  0  0  0  0  0  0  1  1  1  0  0  1  1  1  15.6776347836
1.0  1  1  1  0  1  1  1  1  1  0  0  1  1  1  1  1  1  1  1  1  1  0  0  1  1  1  1  1  1  1  1  1  15.3063492774
1.0  1  1  1  1  1  1  0  0  0  0  0  0  0  1  1  1  0  0  1  0  1  0  0  0  0  0  1  0  0  0  0  0  16.2990023204
1.0  0  0  0  0  0  1  1  1  0  0  0  0  1  1  0  0  0  1  1  1  1  0  0  0  1  1  1  0  1  0  0  0  15.8227466023
1.0  0  0  1  1  0  0  0  0  0  1  1  0  0  1  0  1  0  0  1  1  0  0  0  0  1  0  0  0  0  1  0  0  16.0611074693
1.0  0  0  1  1  1  0  0  0  0  0  1  1  1  1  1  1  1  1  1  0  0  0  1  1  1  0  0  0  0  1  1  1  15.5409766681
1.0  0  0  1  0  1  1  1  1  1  1  0  0  1  1  1  1  1  1  0  1  1  1  1  1  0  0  0  0  0  0  0  1  15.600061535
1.0  1  1  1  1  1  1  1  1  1  0  1  0  1  0  0  0  1  1  1  1  1  0  0  1  1  1  1  1  1  0  1  1  15.4394578942
1.0  1  0  0  0  0  0  1  1  1  1  1  0  0  0  0  0  0  1  1  0  1  1  1  0  0  0  0  0  0  0  0  0  16.017361566
1.0  1  1  0  0  0  0  0  0  0  0  0  0  0  0  0  0  0  0  0  0  0  0  0  1  1  1  1  1  0  0  0  0  16.2229292394
1.0  0  0  0  0  0  1  1  1  1  1  1  0  0  0  0  1  1  1  1  0  0  0  0  0  0  0  0  0  0  0  0  1  15.9909013324
1.0  1  1  1  0  0  1  1  1  1  1  1  1  1  1  1  1  1  1  1  1  1  1  1  1  1  1  1  1  1  0  0  0  15.3460051215
1.0  0  0  0  0  0  0  0  0  0  0  0  0  0  0  0  0  0  0  1  1  1  1  1  1  1  1  1  1  0  0  0  0  16.3279557286
1.0  0  0  0  1  1  1  1  1  1  1  1  1  1  1  1  1  1  0  0  0  0  0  0  1  1  1  1  1  1  1  1  1  15.3845105692
1.0  0  1  1  1  1  1  1  1  1  1  1  1  1  1  1  1  1  1  1  1  1  0  1  1  1  1  0  0  0  0  0  0  15.6440127827
1.0  0  0  0  0  0  0  0  0  0  0  0  0  0  0  0  0  1  1  1  1  1  1  1  1  1  1  1  1  1  1  1  0  16.6440845577
1.0  1  1  1  1  1  1  1  1  1  1  1  1  1  1  1  1  1  1  1  1  1  0  1  1  1  1  1  1  1  1  1  1  15.3091265187
1.0  0  0  0  0  0  0  0  0  0  0  0  0  0  0  0  0  0  0  0  0  0  0  0  0  0  0  0  0  0  0  0  0  16.7232024136
1.0  1  1  1  1  1  1  1  1  1  1  1  1  1  1  1  1  1  1  1  1  1  1  1  0  0  0  0  0  0  1  1  1  15.561211294
1.0  0  1  1  1  1  0  0  0  0  0  0  0  0  1  1  1  1  1  1  1  1  1  1  1  1  1  1  0  0  1  1  1  15.580456362
1.0  0  0  0  0  1  1  1  1  1  0  0  0  1  1  1  1  1  1  1  0  0  0  0  0  0  0  0  0  0  0  0  0  16.0619682657
1.0  1  1  0  0  0  1  0  0  0  0  1  1  1  1  1  1  1  1  0  1  1  1  1  1  1  1  1  1  1  1  1  1  15.682844374
1.0  0  1  1  1  1  0  0  0  0  0  0  1  1  1  1  0  0  1  0  0  0  0  0  0  0  0  0  0  0  0  0  0  16.4076336275
1.0  0  0  0  0  0  0  0  0  0  0  0  0  0  0  0  0  0  0  0  0  0  0  0  0  0  0  0  0  0  0  0  1  16.5652349696
1.0  0  1  1  1  1  0  0  0  0  0  0  0  0  0  0  0  1  1  0  0  0  0  0  0  1  1  1  1  1  1  1  1  15.564709071
1.0  1  1  1  1  1  0  0  0  0  0  0  0  0  0  0  0  0  0  0  0  0  0  0  0  0  0  0  0  1  1  1  0  16.2875418276
1.0  0  0  1  1  1  1  1  1  1  1  1  1  1  1  1  0  1  1  1  1  1  1  1  1  1  1  1  1  1  1  1  1  15.3396773283
1.0  0  0  0  0  0  0  0  0  0  0  0  0  0  0  0  0  0  0  0  0  0  0  0  0  0  0  0  0  0  1  1  1  16.2360260717
1.0  0  0  0  0  0  0  0  0  0  0  0  0  0  0  0  0  0  0  0  0  0  0  0  0  0  0  0  0  0  0  0  0  16.6937113804
1.0  1  1  1  1  1  1  1  1  1  1  1  1  0  0  0  1  1  1  1  1  1  1  1  1  0  1  1  1  0  0  0  0  15.6004611383
1.0  1  0  0  0  0  0  0  0  1  1  1  1  1  1  1  1  1  1  1  1  1  1  1  1  1  1  1  1  1  1  1  1  15.8683118762
1.0  0  0  0  0  0  1  1  1  1  1  1  1  1  1  1  1  1  1  1  1  1  1  1  1  1  1  0  0  1  1  1  1  15.5225291489
1.0  1  1  1  1  1  1  1  1  1  1  1  1  1  1  1  1  1  1  1  1  0  0  0  0  0  0  0  0  0  0  0  0  16.6584072734
1.0  1  1  1  1  1  1  1  1  1  1  1  1  1  1  1  1  1  0  0  0  0  0  0  0  0  0  0  0  0  0  1  1  16.3926235224
1.0  1  1  1  1  1  1  0  0  1  1  0  0  0  0  0  0  0  0  1  1  1  1  1  1  1  1  1  1  1  1  1  1  15.3878365985
1.0  1  1  1  1  1  1  1  1  1  1  1  1  1  0  0  0  1  1  1  1  1  1  1  1  1  1  1  1  0  1  1  1  15.3404653947
1.0  1  1  1  1  1  1  1  1  1  0  0  0  0  0  0  0  0  0  0  0  1  0  0  0  1  1  1  1  1  1  1  1  15.5465206659
1.0  1  1  1  1  1  0  0  0  0  0  0  0  0  0  0  0  0  0  0  0  0  0  0  0  0  0  1  1  1  1  1  1  15.7488702846
1.0  0  0  0  0  0  0  0  0  1  1  0  1  1  1  0  0  0  0  0  0  0  0  0  0  0  0  0  0  1  1  1  1  15.8927514386
1.0  1  1  1  1  1  1  1  1  1  1  1  1  0  1  1  1  1  1  1  1  1  1  1  1  1  1  1  1  1  1  1  0  15.3152512959
1.0  0  0  0  0  0  0  0  0  0  0  0  0  0  0  1  1  1  1  1  1  0  0  0  0  0  0  0  1  1  1  1  1  16.0432109945
1.0  1  1  1  1  1  1  0  0  0  0  0  0  0  0  0  0  1  1  1  1  1  1  0  1  1  1  1  0  0  0  0  0  15.8119108092
1.0  1  1  1  1  0  0  0  0  0  0  0  0  0  0  0  0  0  1  1  1  1  1  1  0  0  0  0  0  1  1  1  1  15.7657489383
1.0  0  0  0  0  0  0  0  0  0  0  0  0  0  0  0  0  1  1  1  1  1  1  1  1  0  0  0  0  0  0  0  0  16.2376247399
1.0  1  1  1  1  1  1  0  1  0  0  0  0  0  1  0  1  1  1  1  1  1  1  1  1  1  1  1  1  1  1  1  1  15.4064760349
1.0  0  0  0  0  0  0  0  0  0  0  0  0  0  0  0  0  0  0  0  0  0  0  1  1  1  1  1  1  0  0  0  0  16.2882253706
1.0  1  1  1  1  1  1  1  1  1  1  0  0  1  1  1  1  1  1  0  0  0  0  0  0  0  0  0  0  0  0  0  0  16.7606113806
1.0  1  1  1  1  1  1  1  1  1  1  1  1  1  1  1  1  1  1  1  1  1  1  1  1  1  1  1  1  1  1  1  1  15.2871048346
1.0  1  1  1  1  1  1  1  1  1  1  1  1  1  1  1  1  1  1  1  1  1  1  1  1  0  0  0  0  0  0  0  0  15.9158381244
1.0  1  1  1  1  1  1  1  1  1  1  1  1  1  1  1  1  0  0  0  0  0  0  0  0  0  0  0  0  0  0  0  0  17.1514141702
1.0  1  1  1  1  1  1  1  1  0  0  0  0  0  0  0  0  0  0  0  0  1  1  1  1  1  1  0  0  0  0  0  0  16.1227792824
1.0  1  1  1  1  1  1  1  1  0  0  0  0  0  0  0  0  0  0  0  1  1  1  1  1  0  0  0  0  0  0  0  0  16.2986487187
1.0  0  0  0  0  0  0  1  1  1  1  1  1  0  0  1  1  1  1  1  1  1  1  1  1  1  1  1  1  1  0  0  0  15.6284292376
1.0  1  1  1  1  1  1  1  1  1  1  1  1  1  1  1  1  1  1  1  1  1  1  1  1  0  0  0  0  0  1  1  1  15.4911521891
1.0  0  0  0  0  0  0  1  1  1  1  1  1  1  0  0  0  0  0  0  0  0  0  0  0  0  0  1  1  1  1  1  1  15.6530902795
1.0  1  0  0  0  0  0  1  1  1  1  1  0  0  0  1  0  0  0  0  0  0  1  1  1  1  1  1  1  1  1  1  1  15.5623329023
1.0  0  0  0  0  0  0  0  0  0  0  1  1  1  1  1  1  1  1  1  1  0  0  0  0  0  0  0  0  0  0  0  0  15.9914661858
1.0  0  0  1  1  1  1  0  0  0  0  0  0  1  1  0  0  0  0  0  0  0  0  0  0  0  1  1  1  1  1  1  1  15.6280778024
1.0  0  0  0  0  0  0  0  1  1  1  1  1  1  0  0  0  0  0  0  1  1  1  1  1  1  1  1  1  1  1  1  1  15.7702904478
1.0  0  0  0  0  0  1  1  1  1  1  1  1  1  1  1  1  1  1  1  1  1  1  1  1  0  0  1  0  1  0  0  0  15.5005739751
1.0  1  1  1  1  1  1  1  1  1  0  0  0  0  1  1  1  1  1  1  1  1  0  1  1  1  1  1  1  1  1  1  1  15.313779906
1.0  0  0  0  0  0  0  1  1  1  1  1  1  1  1  1  0  0  0  0  1  1  1  0  0  0  0  0  0  0  0  0  0  15.9768395372
1.0  0  0  0  0  1  1  0  0  1  1  1  1  1  1  1  1  1  1  1  1  1  1  1  0  1  1  1  1  1  1  1  1  15.6334402
1.0  1  1  0  0  0  0  0  0  0  0  1  1  1  1  1  1  1  1  1  1  1  1  1  1  1  1  1  1  1  1  1  1  15.9459896689
1.0  1  1  1  1  1  1  1  1  1  1  1  0  0  0  0  0  1  1  1  1  1  1  1  1  1  1  1  1  1  1  0  0  15.4108255075
1.0  0  0  0  1  1  1  1  1  1  1  1  1  1  1  1  0  0  0  0  0  0  0  0  0  0  0  0  0  0  0  1  1  16.1106529955
1.0  0  0  0  0  0  1  1  1  1  1  1  1  1  1  1  1  1  1  1  1  1  0  0  0  0  0  0  0  0  0  0  0  15.8035725144
1.0  0  0  0  0  0  0  0  0  0  0  0  0  0  0  0  0  0  0  0  0  0  0  0  0  0  0  0  0  0  0  0  0  16.6849393489
1.0  1  1  0  0  1  1  1  1  1  1  1  1  1  1  1  0  0  0  0  0  0  0  0  0  0  0  0  0  1  1  1  1  15.8630777861
1.0  0  0  0  0  0  0  0  0  0  0  0  0  0  1  1  1  1  1  1  1  1  1  1  1  1  1  1  1  1  1  0  0  16.4094831685
1.0  0  0  0  0  0  0  0  0  0  1  1  1  1  1  1  1  1  1  1  1  1  1  1  1  1  0  0  0  0  0  0  1  15.7845715041
1.0  1  1  1  1  1  1  1  1  1  1  1  1  0  0  0  0  0  0  0  0  1  1  1  1  1  1  1  0  0  0  0  0  15.9974315104
1.0  1  1  1  1  1  1  1  1  1  1  1  1  1  1  1  0  0  0  0  0  0  0  0  0  0  0  0  1  0  0  0  0  16.9101762816
1.0  1  0  1  0  1  0  0  0  1  0  1  1  0  1  0  1  1  0  0  1  0  1  1  1  0  0  1  0  1  1  1  1  15.5653605318
1.0  1  0  1  1  1  0  0  0  0  1  1  0  0  0  0  0  1  1  1  0  1  0  1  0  0  0  0  0  1  0  1  1  15.7825340673
1.0  0  1  0  1  0  0  1  1  1  0  0  0  1  1  1  0  1  1  1  1  1  0  1  1  0  0  1  0  1  1  0  1  15.5552571182
1.0  1  0  0  0  0  1  1  0  1  0  1  1  0  1  0  0  1  0  1  0  1  1  0  0  1  1  0  0  0  1  0  0  15.8255346569
1.0  0  1  1  0  0  1  1  1  0  0  0  1  1  0  1  0  0  0  1  0  0  0  0  0  0  1  1  0  0  0  0  0  16.1640559249
1.0  0  0  0  0  0  0  0  0  0  1  0  0  1  0  0  1  0  1  0  0  1  1  0  1  0  1  1  0  0  1  0  0  16.0791521616
1.0  0  0  0  0  1  1  1  0  1  1  1  0  0  1  1  1  1  0  1  1  0  0  0  1  0  0  0  1  0  1  1  1  15.5773886659
1.0  0  0  0  0  0  1  1  1  0  0  1  1  1  1  0  0  0  0  1  1  0  0  0  0  1  1  0  1  0  1  0  0  15.8171234943
1.0  1  1  1  1  1  1  1  0  1  1  1  1  0  0  1  1  0  1  0  1  0  0  1  1  1  0  1  0  0  1  1  1  15.5892724306
1.0  0  0  1  0  0  0  0  1  1  0  1  0  0  1  0  0  0  0  0  0  1  1  1  0  0  0  0  0  1  1  1  1  15.7627032157
1.0  1  1  0  0  0  0  0  1  1  0  0  1  1  0  0  0  0  0  0  1  0  0  1  1  1  1  1  1  0  0  0  1  15.7675202941
1.0  1  1  1  0  0  0  0  1  1  0  0  0  0  0  0  0  0  1  1  0  0  0  0  1  0  1  1  1  1  0  1  1  15.7028592055
1.0  0  0  1  0  0  0  1  1  1  1  0  1  1  0  0  0  1  0  0  0  1  0  1  0  0  1  1  0  0  0  0  1  15.8088036082
1.0  1  0  1  1  0  0  0  0  1  1  1  1  1  0  0  1  1  1  1  0  0  1  1  0  1  1  1  0  1  0  1  1  15.4928163998
1.0  0  0  0  0  0  0  0  1  1  1  1  0  0  0  1  1  1  0  1  1  0  1  0  1  0  1  0  0  1  1  1  0  15.7665466152
1.0  0  1  0  1  1  1  0  1  1  0  0  1  0  1  0  0  1  1  0  0  0  0  0  1  1  1  0  0  1  1  0  0  15.8042359625
1.0  1  1  0  0  0  1  0  1  1  0  0  1  0  0  1  0  0  1  0  1  0  1  1  1  0  0  1  0  1  0  0  0  15.8561761615
1.0  0  1  1  0  0  0  1  1  0  1  0  1  0  0  1  0  0  0  0  0  0  1  0  1  1  1  1  1  0  1  1  1  15.6011016478
1.0  0  1  1  0  0  1  1  1  0  1  0  1  1  0  1  1  1  1  0  0  1  1  0  0  0  1  0  1  1  1  1  1  15.4736642114
1.0  0  0  1  1  0  0  0  1  1  0  1  0  0  1  1  1  1  1  0  0  0  0  1  0  1  0  1  0  1  0  0  1  15.7148687129
1.0  0  1  1  1  1  0  1  0  0  0  0  1  1  1  1  1  1  1  0  0  1  1  1  0  0  1  0  1  0  0  1  0  15.6479863833
1.0  0  0  0  0  0  0  1  0  0  0  1  1  0  1  1  1  1  0  0  0  1  1  0  1  1  1  1  0  0  1  0  1  15.8196470858
1.0  1  1  0  1  1  1  1  1  0  1  0  0  1  1  0  1  1  1  1  1  0  1  0  1  0  0  1  0  0  1  1  1  15.5268856864
1.0  0  1  1  0  1  1  0  1  1  0  0  1  1  0  0  1  0  0  0  0  1  0  1  1  0  1  1  1  1  1  0  0  15.6435026974
1.0  1  0  0  0  0  1  0  1  0  1  1  1  1  0  0  1  1  0  0  0  0  1  0  0  1  1  0  1  1  1  1  1  15.5651689222
1.0  0  1  0  1  0  1  1  0  0  1  1  1  1  1  0  0  1  0  0  0  0  0  1  0  1  0  1  1  0  0  1  0  15.7642417996
1.0  0  0  1  1  0  0  0  0  1  1  1  1  1  1  0  1  0  0  0  0  1  1  0  1  1  0  1  0  1  1  0  1  15.620700828
1.0  1  0  1  0  1  1  1  0  0  1  0  1  1  0  0  1  0  0  1  1  0  1  1  0  0  1  0  0  1  1  1  1  15.5668402915
1.0  0  1  1  1  0  0  1  0  1  1  1  1  1  1  0  0  0  1  1  0  1  1  0  1  1  1  1  0  1  0  0  1  15.5237330193
1.0  1  1  1  1  1  0  1  0  1  0  0  0  0  0  1  1  0  1  1  0  0  1  0  0  1  1  1  0  0  1  1  0  15.7593528227
1.0  1  0  0  1  0  0  1  0  1  0  1  1  0  0  0  0  0  0  0  0  0  0  1  1  1  0  1  1  0  0  1  1  15.7266090492
1.0  0  0  1  1  0  1  0  0  0  0  0  1  0  0  1  1  1  0  0  0  1  1  1  0  0  0  1  1  1  0  0  1  15.7460558039
1.0  0  1  0  1  0  1  0  0  0  1  1  0  0  0  1  1  0  0  1  0  1  1  1  1  1  1  0  0  1  0  1  1  15.6119201054
1.0  1  0  1  0  1  0  1  1  1  1  0  1  0  1  0  0  0  1  0  1  1  1  0  1  1  0  1  1  0  1  1  1  15.4729233748
1.0  0  1  1  0  0  0  1  1  0  0  0  1  1  1  1  1  1  0  0  0  0  1  1  0  0  1  0  0  1  1  1  0  15.6725115083
1.0  1  1  0  0  1  1  0  0  1  0  0  1  0  0  0  1  0  1  1  0  0  1  1  0  1  1  1  0  0  1  1  1  15.6004338628
1.0  1  1  0  1  0  0  0  1  0  0  1  0  1  0  0  0  1  1  0  0  0  0  1  0  0  0  0  1  0  1  0  1  15.9126375928
1.0  1  0  0  1  0  0  0  1  1  0  1  1  0  1  0  0  0  1  0  0  1  0  0  0  1  1  0  1  1  1  0  0  15.7758455207
1.0  0  1  0  0  0  1  0  1  0  0  0  0  1  1  0  1  0  0  0  0  1  1  1  1  0  1  1  1  1  0  1  0  15.7568602029
1.0  0  0  0  0  1  1  0  0  1  1  0  0  1  1  0  0  1  0  1  1  1  0  1  1  1  0  0  0  0  1  0  0  15.7898746334
1.0  1  1  1  1  0  0  0  1  0  1  1  0  0  0  1  0  1  1  0  1  1  0  0  1  1  0  1  1  0  0  1  1  15.6097316629
1.0  0  0  1  1  0  0  0  0  0  1  1  0  1  1  0  1  0  1  1  0  1  1  1  0  0  0  1  0  1  1  0  1  15.6670025311
1.0  1  0  0  0  0  1  0  1  1  0  1  1  1  1  0  0  0  0  1  0  1  0  0  0  0  0  1  0  0  1  0  1  15.8135036649
1.0  0  0  0  0  1  1  0  1  0  1  0  0  0  1  1  1  0  0  0  1  1  0  0  1  1  1  0  0  0  0  0  0  15.9167367028
1.0  0  1  1  0  1  1  0  1  0  1  0  1  1  0  1  0  1  0  0  1  0  0  0  0  1  0  1  0  0  1  1  0  15.8581934563
1.0  0  1  1  1  0  0  0  1  1  1  0  0  1  0  1  1  0  0  0  1  1  0  0  1  1  1  0  1  1  1  1  1  15.4829679377
1.0  1  1  0  1  1  1  0  1  1  1  0  1  0  0  0  1  0  1  1  1  0  1  1  0  0  1  1  1  1  1  0  0  15.5757727554
1.0  0  0  1  1  1  1  0  1  1  0  1  0  1  1  0  0  1  0  0  1  0  0  0  1  1  0  1  1  0  1  1  1  15.5541242998
1.0  1  1  0  1  0  0  0  0  1  1  1  0  0  1  0  0  1  1  0  0  0  1  1  1  1  1  1  0  1  0  1  0  15.6567993743
1.0  0  0  0  1  1  0  0  1  1  1  0  0  1  1  1  1  1  0  0  0  1  1  0  1  1  0  1  1  1  1  0  1  15.5420276919
1.0  1  1  0  1  1  1  0  1  1  1  0  0  1  0  1  0  1  1  0  1  0  0  1  0  1  0  1  0  0  1  0  1  15.7140693736
1.0  1  1  1  0  0  0  1  0  0  1  1  1  1  0  0  1  1  0  1  0  1  1  0  0  1  1  1  1  0  0  0  0  15.7181977049
1.0  0  0  0  1  1  1  1  0  0  1  1  0  0  1  1  1  1  0  1  0  1  1  0  1  0  0  0  1  0  1  0  1  15.6223446966
1.0  0  1  1  0  0  1  0  0  0  1  0  0  0  0  1  1  1  1  0  1  1  0  1  1  1  1  0  0  1  1  1  1  15.6383324745
1.0  0  1  0  0  1  0  0  0  0  0  0  0  0  1  1  1  0  1  1  0  1  1  0  0  1  0  1  1  0  0  1  1  15.7941854038
1.0  0  0  0  1  1  0  0  1  1  0  0  1  0  1  0  1  0  1  1  1  1  1  1  0  0  1  1  0  0  1  0  1  15.6427741129
1.0  0  1  0  1  0  0  1  0  1  0  0  1  1  0  1  0  1  1  0  1  0  1  0  1  0  0  1  0  0  1  0  1  15.7176326594
1.0  1  1  0  0  0  1  1  0  1  0  1  0  0  1  0  0  0  1  1  0  1  0  1  0  1  1  0  0  0  1  1  1  15.6486861048
1.0  0  1  0  1  0  0  0  1  1  0  1  0  0  1  1  1  0  0  1  0  1  1  1  1  0  1  1  0  0  1  1  1  15.5679828372
1.0  0  0  1  0  0  0  0  0  0  0  1  1  1  0  1  1  0  1  1  1  1  1  1  1  1  1  0  0  1  0  1  0  15.8198193532
1.0  0  0  0  1  0  0  1  1  0  0  1  0  0  1  0  1  0  1  0  0  1  1  1  1  0  1  0  1  1  1  0  1  15.7080424933
1.0  1  0  0  1  1  0  0  0  0  0  0  1  0  0  1  1  1  1  1  0  0  1  0  0  0  1  1  1  1  1  1  1  15.6180174466
1.0  0  0  1  1  0  0  0  0  1  0  0  0  0  1  1  1  0  1  1  0  1  0  1  1  0  1  1  0  0  1  0  0  15.8012099249
1.0  1  0  1  1  0  0  0  1  1  1  0  1  0  1  1  1  1  0  1  1  1  0  0  1  0  0  1  1  0  0  1  0  15.6342971155
1.0  1  1  1  1  1  1  1  1  1  0  1  0  1  0  0  0  1  0  0  0  0  0  0  0  1  0  0  0  0  0  0  1  16.5259174246
1.0  0  0  1  1  1  1  1  1  1  1  1  1  0  0  0  0  0  1  0  1  0  0  0  0  0  1  0  1  0  0  1  1  15.8541232479
1.0  1  1  1  1  0  0  1  1  0  1  1  1  0  1  1  1  0  1  0  0  0  0  0  0  1  1  1  1  0  0  1  1  15.6325602107
1.0  0  0  0  1  1  1  0  0  0  0  0  0  1  0  0  1  1  0  0  0  0  0  0  0  0  0  0  0  0  1  1  0  16.1290146499
1.0  0  1  1  1  1  1  1  0  0  0  1  1  0  0  1  1  0  1  1  0  0  0  0  1  1  0  0  0  0  0  1  1  15.8032913219
1.0  1  1  1  1  1  1  1  0  1  1  0  0  0  0  0  0  0  0  0  0  1  1  1  1  1  1  1  1  0  0  1  1  15.5793419878
1.0  0  1  1  0  0  1  0  1  1  1  0  0  0  0  0  1  1  0  0  0  1  1  1  1  0  0  0  0  1  1  0  1  15.7070511596
1.0  0  0  0  0  1  1  1  1  1  1  1  0  0  0  0  0  1  1  0  1  1  1  0  0  1  1  1  0  0  0  0  0  15.7662682793
1.0  0  1  0  0  0  0  1  1  0  0  1  1  1  1  0  0  1  0  0  1  1  0  0  0  0  0  1  0  0  0  0  0  16.0265131726
1.0  1  1  0  1  0  0  1  1  0  1  1  1  0  0  0  0  1  1  1  1  1  0  1  0  0  0  0  1  0  0  0  0  15.9181533009
1.0  0  0  0  0  1  1  1  0  0  1  1  1  1  1  0  1  0  0  0  0  1  1  0  0  0  0  0  0  0  0  0  0  16.1111690872
1.0  1  1  1  0  0  1  0  0  0  0  0  0  1  0  1  1  0  0  0  0  0  0  1  1  0  0  1  1  1  1  1  1  15.6415970067
1.0  1  1  0  0  0  0  0  0  0  0  0  0  1  1  0  0  1  1  0  0  0  1  0  0  0  0  0  0  0  0  0  1  16.1576781113
1.0  0  1  1  0  0  0  0  0  1  1  1  1  1  1  1  0  1  0  1  0  0  0  1  1  1  1  1  1  1  1  1  1  15.5328922096
1.0  1  0  1  1  1  0  0  0  0  0  0  0  1  1  1  1  1  0  0  0  1  1  1  1  1  1  1  0  1  0  1  1  15.5818094239
1.0  1  0  1  1  1  1  1  1  1  0  0  1  1  1  1  1  1  0  0  1  1  0  0  1  1  1  0  1  1  0  0  0  15.6506897474
1.0  1  1  1  1  1  1  1  0  1  0  0  0  0  1  1  0  0  1  1  1  1  0  0  0  0  0  0  1  0  1  1  1  15.7276550313
1.0  0  1  1  1  1  1  0  0  0  1  1  1  1  0  0  0  1  1  1  1  0  0  0  1  1  1  0  0  0  0  0  1  15.7405497654
1.0  1  1  1  1  1  1  0  1  0  0  0  0  1  0  0  0  0  1  1  1  1  1  1  1  1  0  0  0  1  1  1  1  15.52796875
1.0  0  0  0  1  1  1  0  1  1  1  0  0  0  1  1  1  1  0  0  0  0  0  0  1  1  0  0  0  1  1  0  0  15.8377567179
1.0  0  1  1  1  1  1  1  1  1  0  0  0  1  1  1  0  0  0  0  0  1  1  1  0  0  0  0  0  1  1  1  1  15.6716069745
1.0  1  0  0  0  0  0  0  0  0  1  0  0  1  1  0  0  0  1  0  0  0  0  0  0  1  1  0  0  0  1  0  0  16.1331802575
1.0  1  1  1  0  1  1  0  1  1  1  1  1  1  1  1  0  0  0  0  0  0  0  0  1  0  1  1  1  1  1  0  0  15.7605155243
1.0  0  1  0  0  0  0  0  1  1  0  0  0  0  1  1  1  1  1  1  1  1  1  1  1  1  1  1  1  1  1  0  0  15.8203267443
1.0  0  0  1  1  1  0  0  0  0  0  0  0  1  1  1  1  1  0  0  0  1  1  0  0  0  1  1  0  1  1  0  0  15.770922906
1.0  1  1  0  1  0  0  1  1  1  1  1  1  1  0  1  0  0  0  0  0  0  0  1  1  1  1  0  0  0  1  1  0  15.7368088468
1.0  1  1  0  0  0  0  1  1  0  0  1  1  1  0  0  0  0  1  1  0  0  0  0  0  0  0  1  1  1  1  1  1  15.6181477629
1.0  1  0  0  0  0  0  1  1  1  1  0  0  0  0  0  0  0  0  1  0  0  0  0  0  0  0  0  0  1  1  1  0  16.0405417352
1.0  0  1  1  1  0  0  0  0  1  1  1  1  1  1  0  1  1  1  0  0  1  0  1  0  0  0  1  1  1  0  1  1  15.5218126864
1.0  0  1  1  1  1  0  0  0  0  0  0  0  0  0  1  1  0  0  0  0  1  0  0  0  1  1  1  1  0  0  0  0  16.0109727059
1.0  1  1  1  1  1  1  1  1  0  0  0  0  0  0  0  1  1  0  1  1  0  0  0  0  0  0  1  1  0  0  0  0  16.2457862713
1.0  0  1  1  1  1  0  0  0  1  0  1  1  1  1  0  0  1  1  1  1  1  0  0  1  1  1  1  0  0  0  0  0  15.6558153284
1.0  1  1  1  1  1  0  0  0  1  0  1  1  1  0  1  0  1  1  0  1  1  0  1  1  0  1  0  1  0  0  0  0  15.7824177711
1.0  0  0  0  1  1  0  0  0  0  0  0  0  0  0  0  1  1  1  0  0  0  0  1  1  1  1  1  0  0  0  1  1  15.8725401853
1.0  0  0  0  0  0  0  0  1  1  0  0  0  1  0  0  0  0  0  1  1  0  0  0  0  0  1  0  0  0  0  0  1  16.1322637653
1.0  1  1  0  0  0  0  0  0  0  1  1  1  1  1  0  0  0  1  1  1  1  1  1  1  1  0  0  0  0  0  0  1  15.7217134475
1.0  1  1  0  0  0  0  1  1  1  0  0  1  1  1  1  1  1  1  1  0  0  0  1  1  1  1  1  1  1  1  0  0  15.5156002144
1.0  0  0  0  1  1  1  1  1  0  0  0  0  0  1  0  0  0  1  1  1  1  1  0  0  0  0  1  1  1  1  1  0  15.6354038583
1.0  0  1  1  1  0  0  1  0  1  0  0  1  1  1  1  1  1  1  1  1  0  0  0  0  0  1  1  0  1  0  1  0  15.6172285806
1.0  0  0  0  0  0  0  1  1  1  1  0  1  0  0  0  1  0  0  0  0  0  1  1  0  0  0  1  1  1  0  0  0  15.9277879807
1.0  1  1  0  0  0  1  1  0  1  1  1  1  1  0  0  0  1  1  1  1  1  1  1  1  1  1  1  1  1  1  1  1  15.4740185038
1.0  1  1  0  1  1  1  1  1  0  1  1  1  1  1  0  0  0  0  0  0  1  1  1  1  1  0  0  0  1  1  1  1  15.5110102697
1.0  0  0  0  0  0  1  0  1  0  0  0  0  1  1  1  1  1  0  0  0  1  0  0  0  0  1  1  1  0  0  0  1  15.8543673047
1.0  1  0  0  0  0  0  0  1  0  0  0  0  1  0  0  0  1  1  1  0  0  0  1  1  0  0  0  0  1  1  1  1  15.8533296651
1.0  1  1  1  0  1  1  1  0  0  1  1  1  1  1  1  0  0  0  0  1  0  1  1  1  0  0  1  0  0  0  1  1  15.6956217717
1.0  1  0  0  0  0  1  1  1  0  0  0  1  1  1  1  1  1  1  1  1  0  1  0  0  1  0  0  0  0  0  1  1  15.5923228597
1.0  0  0  1  0  0  1  1  1  1  0  0  1  1  0  0  1  1  0  0  0  1  1  1  1  0  1  1  1  1  1  1  1  15.5139901967
1.0  1  1  0  0  1  0  0  0  1  0  1  1  1  1  0  0  0  0  1  1  1  1  1  1  1  1  1  1  0  1  1  0  15.5786746017
1.0  0  0  0  0  1  0  0  0  0  1  1  1  1  1  1  1  1  1  0  0  0  0  1  1  1  1  1  1  1  1  1  0  15.7094792415
1.0  0  0  0  1  1  0  1  1  0  0  0  0  0  1  0  0  0  0  1  1  1  1  1  1  0  0  1  0  0  0  1  1  15.7131287221
1.0  1  1  0  0  1  1  0  0  0  1  1  1  1  1  1  1  1  1  1  1  1  1  1  1  0  0  0  1  1  1  0  0  15.4636882227
1.0  0  0  1  0  0  0  0  0  0  1  1  1  0  0  0  0  0  0  0  0  1  0  0  0  0  0  0  1  0  1  0  0  16.2004525143
1.0  1  0  0  1  1  1  1  1  0  0  0  0  0  0  0  0  0  1  1  1  1  1  1  0  1  0  0  0  1  1  0  0  15.747046831
1.0  0  0  1  1  1  1  0  0  1  1  1  1  1  1  1  0  0  0  1  0  0  0  0  0  0  1  1  0  0  0  0  0  16.0873716592
1.0  0  1  1  0  1  0  0  0  0  0  0  0  1  1  1  1  0  0  0  0  1  0  1  1  1  1  1  1  1  1  1  0  15.6919183635
1.0  0  0  0  0  0  1  1  1  1  1  0  0  0  0  1  1  1  1  1  1  1  1  1  1  1  0  0  0  0  0  0  1  15.6415587575
1.0  0  1  0  1  0  0  0  0  0  0  0  0  0  0  0  1  0  0  0  0  0  1  0  1  0  0  0  0  0  0  1  0  16.2959585542
1.0  1  1  0  0  0  0  0  0  0  1  0  0  0  0  0  0  1  1  1  0  0  0  0  1  1  0  1  1  1  0  0  0  16.0004409236
1.0  0  0  0  0  0  1  1  0  0  0  0  0  0  0  0  0  0  0  0  1  0  0  0  1  0  0  0  0  1  0  0  0  16.3147419587
1.0  1  0  1  1  1  1  1  1  1  1  1  0  1  1  1  0  0  0  1  0  0  0  1  1  1  0  0  0  0  1  0  1  15.8394035628
1.0  0  1  0  1  1  1  1  1  1  0  1  1  1  1  1  1  1  0  0  0  0  0  1  1  0  0  0  0  0  0  0  0  16.1771504071
1.0  0  1  1  0  1  1  0  1  0  1  1  1  1  1  0  0  0  1  0  1  0  0  0  0  0  0  0  0  1  1  1  1  15.7193807323
1.0  0  1  0  0  0  0  0  0  0  1  1  0  1  0  0  0  0  0  0  1  0  0  0  1  1  0  1  0  0  0  0  0  16.1504321282
1.0  1  1  1  1  0  1  1  1  1  0  1  0  0  1  1  1  0  0  1  1  1  1  0  0  0  1  1  1  1  1  1  0  15.4823441895
1.0  1  1  1  1  1  1  1  1  1  1  1  1  0  0  0  0  0  0  0  0  0  0  0  1  1  1  0  0  0  0  0  1  16.3113665751
1.0  1  0  0  0  0  0  0  0  0  0  0  0  1  1  1  0  0  0  0  0  0  1  1  1  1  1  1  1  1  1  1  1  16.0171837989
1.0  0  0  0  0  0  0  0  0  0  0  0  0  0  0  0  1  1  0  0  0  0  0  0  0  0  0  0  0  0  0  0  0  16.5539260006
1.0  0  0  0  0  0  0  1  1  1  1  1  1  1  1  1  1  1  1  0  0  0  0  0  0  0  0  0  0  0  0  0  0  16.0081067797
1.0  1  1  1  1  0  0  0  0  0  0  0  0  0  0  0  0  0  0  0  0  0  0  0  0  0  0  0  0  0  0  0  0  16.8578364064
1.0  0  0  0  0  0  0  0  0  0  0  0  0  0  0  0  0  1  1  1  1  1  1  1  1  1  1  1  1  1  1  1  0  16.6608161818
1.0  1  1  1  1  1  1  1  1  0  0  0  0  0  0  0  0  1  1  1  1  1  1  1  1  1  1  1  1  1  1  1  1  15.3644361441
1.0  1  1  1  1  1  1  1  0  1  1  0  0  1  1  1  1  0  0  0  1  1  1  1  0  0  0  0  0  0  0  1  1  15.8579136547
1.0  0  0  0  0  0  1  1  1  1  1  1  1  1  0  0  0  0  0  0  0  0  0  0  0  0  0  0  0  0  0  0  0  16.4334220462
1.0  1  1  1  1  1  1  1  1  1  1  1  1  1  1  1  1  1  1  1  0  0  0  0  0  0  0  0  0  0  0  0  0  16.8293325653
1.0  0  0  1  1  1  1  0  1  1  1  1  1  1  1  1  1  1  1  1  1  1  1  1  1  1  1  1  1  1  1  1  1  15.3901199034
1.0  1  1  1  1  1  1  1  1  1  1  1  1  1  1  1  1  1  1  0  0  0  0  0  1  1  1  1  1  1  1  0  0  15.5978715084
1.0  0  0  1  0  1  1  1  1  1  1  1  1  1  1  1  0  0  0  0  0  0  0  0  0  0  1  1  1  1  0  0  0  15.8995765167
1.0  0  0  0  1  1  1  1  1  1  1  1  1  1  1  1  1  1  1  1  1  1  1  1  0  0  0  0  0  0  0  0  0  15.7351848131
1.0  1  1  1  1  0  0  0  0  0  0  0  0  0  0  0  0  0  0  0  0  0  0  0  0  0  0  0  0  0  1  1  1  16.1971657364
1.0  1  1  1  0  0  0  0  0  0  1  0  0  0  0  0  0  0  0  0  0  0  0  0  0  0  0  0  0  0  1  1  1  16.1391713654
1.0  0  0  0  0  0  0  0  0  0  0  0  0  0  0  0  0  0  0  1  1  1  1  1  1  1  1  1  1  1  1  1  1  16.774359711
1.0  1  1  1  1  1  1  1  1  1  1  1  1  1  1  1  1  1  1  1  1  1  1  1  1  1  1  1  1  1  1  1  0  15.3046920505
1.0  1  1  1  0  0  0  0  0  0  0  0  0  0  0  1  1  1  1  1  1  1  1  1  1  1  1  1  1  1  1  1  1  16.0268677692
1.0  0  0  0  0  0  0  0  1  1  1  1  1  1  1  1  1  1  1  1  1  1  1  1  1  1  1  1  1  0  0  0  0  15.6499094091
1.0  1  1  1  1  1  1  1  1  1  1  1  1  1  1  1  0  0  0  0  0  0  0  0  0  0  0  0  0  0  1  1  1  16.2945344846
1.0  0  0  0  0  0  0  0  0  1  1  1  1  1  1  1  1  0  0  0  0  0  0  0  1  1  1  1  1  1  1  1  1  15.6935383092
1.0  0  0  0  0  0  0  0  0  0  0  0  0  0  0  0  0  0  1  1  1  1  1  1  1  1  1  1  1  1  1  1  1  16.8225632642
1.0  1  1  1  1  1  1  1  1  1  1  0  0  0  0  1  1  1  1  1  0  0  0  0  0  0  1  1  1  1  1  1  1  15.501738605
1.0  1  1  1  1  1  0  0  0  0  0  0  0  0  0  0  1  0  0  0  0  0  0  0  0  0  0  1  1  1  1  1  0  15.9646306272
1.0  0  0  0  1  1  1  1  0  0  0  1  1  1  0  0  0  0  0  1  0  0  0  0  0  0  0  0  0  1  1  1  0  15.9681575183
1.0  1  1  1  1  1  0  0  0  0  0  0  0  0  0  0  0  0  0  0  0  0  0  0  0  0  0  0  0  0  0  0  0  16.9047828726
1.0  0  0  0  0  0  0  0  0  0  0  0  0  0  0  0  0  0  0  0  0  0  0  0  0  0  0  0  0  0  0  0  0  16.7123519888
1.0  1  1  1  1  1  1  1  1  1  1  1  0  0  0  0  0  0  1  1  0  0  0  0  0  0  0  0  0  0  0  0  0  16.9250060658
1.0  1  1  1  1  0  0  0  0  0  0  0  0  0  1  1  1  1  1  1  1  1  0  0  0  0  1  1  1  0  0  0  0  15.8296785445
1.0  1  1  1  1  1  0  0  0  0  0  0  0  0  0  0  0  0  0  0  0  0  0  0  0  0  0  0  0  1  1  1  1  16.0316866991
1.0  0  0  0  1  0  0  0  1  1  1  1  1  1  1  1  1  1  1  1  1  1  1  1  1  1  1  1  1  1  1  1  1  15.7571824249
1.0  0  0  0  0  0  0  0  0  0  0  0  1  1  1  1  1  0  0  0  0  0  0  0  0  0  0  0  1  1  1  1  1  15.9016473514
1.0  0  0  0  0  0  1  1  1  1  1  1  1  1  1  1  1  1  1  1  1  1  1  1  1  1  1  1  1  1  1  1  1  15.6822481759
1.0  1  1  1  0  0  0  0  0  0  0  0  1  1  1  1  1  1  1  1  0  0  1  1  1  1  1  1  1  1  1  1  0  15.6669884157
1.0  1  1  1  1  1  1  1  1  1  1  1  1  1  1  0  0  0  0  0  1  1  1  1  0  0  0  0  0  0  0  0  1  16.2143671835
1.0  1  1  1  1  1  1  1  1  1  1  1  1  0  0  0  0  0  0  0  0  0  0  0  0  0  0  0  0  1  1  1  1  16.1554618124
1.0  0  0  0  0  0  1  1  1  1  0  0  1  1  1  1  0  0  0  0  0  0  0  0  0  0  0  1  1  0  0  0  0  16.0692845105
1.0  0  0  0  0  0  0  0  1  1  1  0  0  0  0  0  0  0  0  0  0  0  0  0  0  0  0  0  0  0  0  0  0  16.551535551
1.0  1  1  1  0  0  0  0  0  0  0  1  1  0  0  0  0  0  0  0  0  0  0  1  1  1  1  1  1  1  0  0  0  15.9112940604
1.0  1  1  1  0  1  1  1  1  1  1  1  1  0  0  0  0  0  0  0  1  1  1  1  0  0  0  1  1  1  1  0  0  15.7604990781
1.0  0  0  0  1  1  1  0  0  0  0  0  0  0  0  1  1  1  1  1  0  0  0  0  0  0  1  0  0  0  1  0  1  15.8718046954
1.0  1  1  1  1  1  1  1  1  1  1  1  1  1  1  1  1  1  1  1  1  1  1  1  0  0  0  0  0  0  0  0  0  16.1036029316
1.0  1  1  1  1  1  1  1  0  1  1  1  1  0  1  1  1  1  1  1  1  1  1  1  1  1  0  0  0  0  0  0  0  15.7203441892
1.0  1  1  1  1  1  1  1  1  1  1  1  1  1  1  0  0  0  0  0  0  0  0  0  0  0  0  0  0  0  0  0  1  16.8649344096
1.0  1  1  1  1  1  0  0  0  0  0  0  0  0  0  0  0  0  0  0  1  1  1  1  1  1  1  1  1  1  1  1  1  15.5536573805
1.0  1  1  1  1  1  1  1  1  1  0  0  0  0  0  0  0  0  0  0  0  0  0  0  0  1  1  1  1  1  1  1  1  15.5859486924
1.0  1  1  1  1  1  1  0  0  0  0  0  0  0  0  0  1  0  0  0  0  0  0  0  1  1  1  1  1  1  0  0  0  15.9691218082
1.0  0  0  0  0  0  0  0  1  1  1  1  1  1  1  1  1  1  1  1  1  1  1  1  1  1  1  1  1  1  1  1  1  15.9420137551
1.0  1  1  1  1  1  1  1  1  1  1  1  1  1  1  1  0  0  0  0  0  0  0  0  0  0  0  0  0  0  0  0  0  17.1884399117
1.0  1  1  1  1  1  1  0  0  0  0  0  0  1  1  1  1  1  1  1  1  1  1  1  1  0  0  0  0  0  0  0  0  15.7713962057
1.0  0  0  0  0  0  0  0  1  1  0  0  1  1  1  0  0  0  0  0  0  0  0  0  0  0  0  0  0  0  0  0  0  16.3733151963
1.0  1  0  0  0  1  1  1  1  1  1  1  1  1  1  0  0  0  0  0  0  0  0  1  1  0  0  0  0  0  0  0  0  16.2644743847
1.0  0  0  0  0  0  0  0  0  0  0  0  0  1  1  1  1  1  1  1  1  1  1  1  1  1  1  1  0  0  0  0  0  16.1090406663
1.0  0  0  0  0  0  0  1  1  1  1  1  1  1  1  1  0  0  0  0  0  0  1  1  1  1  1  1  1  0  0  0  0  15.6776750909
1.0  1  0  0  0  0  0  0  0  0  0  0  0  0  0  0  0  1  1  1  1  1  1  1  1  1  1  1  1  1  1  1  1  16.5978501902
1.0  1  1  1  1  0  0  0  1  1  1  1  1  1  1  0  0  0  0  0  0  0  0  0  0  0  0  0  0  0  0  0  0  16.6557298947
1.0  0  0  0  0  0  0  0  0  0  0  0  0  0  0  0  0  0  0  0  0  0  0  0  0  0  0  0  0  0  0  0  0  16.7292550797
1.0  1  1  1  0  0  0  0  1  1  1  1  1  1  1  1  1  1  1  1  1  1  1  1  1  1  1  1  1  1  1  1  1  15.4681171841
1.0  0  0  0  0  0  1  1  1  1  1  1  1  0  0  0  0  0  0  0  0  0  0  0  1  1  1  1  1  1  1  1  1  15.5460924504
1.0  1  0  0  0  0  0  0  0  0  0  0  0  0  0  0  0  0  0  0  0  0  0  1  1  1  1  1  1  1  0  0  0  16.168195199
1.0  0  0  0  1  1  1  0  0  0  0  0  0  0  0  0  0  0  0  0  0  0  0  0  0  0  0  0  0  0  0  0  0  16.6549984809
1.0  0  0  0  0  0  0  0  0  0  0  0  0  0  0  0  0  0  1  1  1  1  1  1  0  0  0  0  0  0  0  0  0  16.2941695895
1.0  0  0  0  0  0  0  0  0  0  0  0  0  1  1  1  1  1  0  0  0  0  0  0  0  0  0  0  0  0  1  1  1  15.9950040955
