3.5  1  1  0  0  1  1  1  1  1  1  1  1  0  1  1  1  1  1  1  1  0  0  0  0  0  0  1  0  1  1  1  1  14.7265107173
3.5  1  1  1  1  1  0  0  0  0  0  0  1  1  1  1  1  1  1  1  0  1  1  1  1  1  1  1  0  0  0  0  0  14.7560962264
3.5  0  0  0  0  0  1  0  0  0  0  0  0  0  0  0  0  0  0  1  1  0  1  1  1  1  0  0  0  0  0  0  1  15.5023995356
3.5  0  0  0  1  1  1  0  0  1  1  1  1  1  1  1  1  1  1  0  1  1  1  1  1  1  1  1  0  1  1  1  0  14.944565635
3.5  1  0  1  1  1  1  0  1  1  1  1  1  1  1  0  1  0  0  1  1  1  1  1  1  1  1  1  1  1  0  0  1  14.5867960517
3.5  0  1  1  1  1  1  0  0  0  0  0  0  0  1  0  1  1  0  0  1  1  1  0  0  1  1  1  0  0  1  0  1  14.6970798017
3.5  1  1  1  0  0  0  1  0  0  1  0  0  1  1  1  0  0  1  0  1  0  0  1  0  1  1  1  0  1  1  1  1  14.5825998264
3.5  0  1  1  1  1  1  1  1  0  1  1  1  1  1  1  0  1  1  1  1  1  1  1  1  1  1  0  0  0  0  1  1  14.6085979242
3.5  0  1  0  0  1  1  1  0  0  0  0  1  1  1  0  0  0  0  1  1  0  1  1  0  0  1  0  1  1  0  1  1  14.6160374577
3.5  0  0  1  1  1  0  1  0  0  1  0  1  1  0  1  1  1  1  1  1  1  0  1  1  0  0  1  1  1  0  0  0  14.5797268837
3.5  0  0  1  1  1  1  0  0  1  1  1  1  1  1  1  1  0  1  1  1  1  1  1  1  1  0  0  0  0  0  0  1  14.5634603545
3.5  1  0  0  0  0  0  0  0  0  0  1  0  0  0  1  1  0  0  0  0  0  1  0  0  1  0  0  1  1  1  1  1  15.0864447354
3.5  0  0  0  0  1  1  0  1  0  0  0  0  1  0  0  0  1  1  0  1  0  0  1  1  1  1  1  1  0  0  1  1  14.9974621186
3.5  0  1  0  0  1  1  1  0  1  1  1  0  1  0  0  0  0  1  1  1  0  1  1  1  1  1  1  1  1  1  0  0  14.6278275051
3.5  0  0  0  0  0  0  0  0  0  0  1  0  0  0  0  0  0  0  1  0  0  0  0  0  1  0  0  0  0  0  0  0  16.1714280223
3.5  1  1  0  0  0  0  0  1  1  1  1  0  0  0  0  0  0  0  0  0  0  1  0  0  0  0  0  0  0  1  0  0  15.8545694379
3.5  1  0  1  0  1  1  0  0  0  1  0  1  0  0  0  1  0  1  0  0  1  0  1  0  1  0  1  0  1  0  1  0  14.8736103094
3.5  1  0  1  0  1  0  1  0  0  1  1  0  0  1  0  1  0  1  0  1  0  1  0  0  1  0  1  0  0  1  0  1  14.7434740709
3.5  0  1  1  0  1  0  0  1  0  1  1  0  1  0  1  0  1  0  1  0  1  0  0  1  0  1  1  0  1  0  1  0  14.6936383698
3.5  0  1  0  0  1  0  1  0  1  0  1  0  0  0  1  0  0  1  1  0  1  1  0  0  0  0  1  1  0  0  1  0  14.9033454942
3.5  0  1  0  1  0  1  1  0  1  1  0  1  0  1  0  1  1  0  1  0  1  0  1  0  0  1  0  1  0  0  1  1  14.6015889394
3.5  0  0  1  0  0  0  1  1  0  0  1  0  1  0  1  1  0  1  0  1  0  1  0  0  1  0  1  0  0  1  0  1  14.7201462512
3.5  0  1  0  0  0  1  0  0  1  0  1  0  1  0  1  1  0  0  1  0  1  1  0  0  1  0  0  0  1  0  0  0  15.0494836259
3.5  0  1  0  1  0  0  1  1  0  1  0  0  1  0  0  0  0  1  0  0  1  0  1  0  1  0  1  0  1  0  1  1  14.6982879816
3.5  0  0  1  0  1  0  1  0  0  1  0  0  1  0  0  0  0  1  1  0  0  1  0  1  0  1  1  0  1  0  0  0  14.9837378467
3.5  0  0  0  1  1  0  1  1  1  0  1  0  1  0  0  1  0  1  0  0  1  0  1  0  1  0  1  0  1  0  1  1  14.610303024
3.5  1  1  0  1  1  0  0  1  0  1  0  1  0  1  0  1  0  1  0  1  0  1  0  0  1  0  0  0  1  1  0  1  14.7829626387
3.5  1  0  1  1  0  1  0  1  0  1  1  0  1  0  1  0  1  0  1  0  1  0  0  1  0  0  1  0  1  0  0  1  14.8306519399
3.5  1  0  0  0  0  0  0  0  1  0  1  0  1  0  1  0  0  1  0  1  0  1  1  0  1  0  1  0  1  0  1  0  15.0371936722
3.5  1  0  0  0  0  0  1  1  0  0  1  0  1  1  0  0  1  1  0  1  1  0  1  0  0  1  0  1  0  1  0  1  14.7799702322
3.5  1  0  1  0  1  0  1  0  1  0  0  1  1  0  1  0  1  0  0  1  0  1  0  1  0  0  1  0  0  1  1  0  14.8037498701
3.5  1  0  1  0  0  1  0  1  0  1  1  0  1  0  1  1  0  1  1  0  1  0  1  0  1  0  1  0  0  0  0  1  14.7146342144
3.5  0  1  0  1  1  1  1  1  0  0  1  1  0  1  0  1  1  0  1  0  1  1  1  0  1  0  1  0  1  1  1  0  14.5245135866
3.5  0  1  1  1  0  1  0  1  0  1  1  0  1  0  1  0  1  0  1  0  0  1  0  1  1  0  1  0  1  0  1  1  14.5745486091
3.5  1  0  1  1  1  0  0  0  1  1  1  1  0  1  1  1  1  0  0  1  1  0  1  0  1  1  0  1  0  0  1  1  14.5387240685
3.5  0  1  0  1  1  1  0  1  0  1  0  1  1  0  1  1  0  1  0  1  0  1  1  0  0  1  0  1  1  1  1  0  14.5386845536
3.5  1  1  1  0  1  0  0  1  0  0  1  0  1  1  0  0  1  0  1  0  1  1  0  1  1  1  1  0  1  1  1  1  14.5968337643
3.5  1  1  0  1  1  1  1  0  0  0  1  0  1  1  1  0  1  0  1  0  1  1  0  1  0  1  1  1  1  0  1  0  14.5652074692
3.5  0  1  1  1  0  0  1  0  1  0  0  1  0  1  0  1  1  1  1  1  1  1  1  1  1  1  1  0  1  0  0  1  14.749028448
3.5  1  1  1  1  1  1  1  1  1  1  0  1  1  1  1  1  0  1  1  1  0  1  1  0  1  0  0  0  1  1  1  1  14.8540925056
3.5  1  0  1  1  0  0  0  0  1  1  1  1  0  0  0  0  0  0  0  0  1  1  0  1  0  0  0  1  1  0  0  0  15.2068149682
3.5  0  0  0  1  1  0  1  1  1  1  0  1  0  0  0  0  0  0  0  1  1  0  1  0  0  0  0  0  0  0  0  0  15.7851789265
3.5  1  1  0  0  1  0  0  0  0  0  0  1  1  1  0  0  0  0  0  0  0  1  0  0  0  0  1  0  0  0  0  0  15.8452844395
3.5  0  0  1  1  1  0  0  0  1  0  0  1  0  1  1  0  0  1  1  0  0  0  1  1  1  1  1  0  0  1  0  0  14.778136614
3.5  0  0  0  1  0  1  0  0  1  0  1  0  0  0  1  1  0  1  0  0  1  0  0  1  0  0  0  0  0  1  1  0  15.0220293569
3.5  0  1  1  1  0  0  1  1  0  1  1  0  0  1  0  1  0  0  0  0  0  0  1  0  0  1  0  1  1  1  0  1  14.7748464339
3.5  1  0  0  0  1  1  0  0  1  0  0  1  0  0  1  1  0  1  1  1  0  0  1  0  0  0  0  0  0  0  1  0  15.086123651
3.5  0  0  0  1  0  1  1  0  0  0  0  1  0  1  1  0  0  1  1  0  0  1  1  1  1  0  0  0  0  1  1  1  14.7847763802
3.5  1  0  0  0  1  0  1  0  1  0  0  1  0  1  0  1  0  1  0  0  1  1  0  1  0  0  1  0  1  1  0  0  14.8202813947
3.5  0  1  0  0  1  1  0  1  0  1  1  0  1  0  0  0  1  0  1  0  1  1  1  0  1  1  1  0  1  1  0  1  14.6336274957
3.5  1  0  1  0  0  0  1  0  1  1  1  1  0  0  0  1  1  0  1  1  0  1  1  1  1  1  0  0  1  0  1  1  14.5959357232
3.5  0  1  0  0  0  1  0  1  0  1  0  1  1  0  1  1  0  0  1  0  1  0  1  0  1  0  1  1  1  1  1  0  14.6858214369
3.5  1  0  1  0  1  1  0  1  0  1  0  1  1  0  1  0  1  1  0  1  1  1  1  1  0  1  1  0  1  1  0  0  14.5638436392
3.5  1  1  0  1  0  1  1  0  1  0  1  0  1  1  1  0  1  1  1  1  1  1  0  1  0  1  0  1  1  0  0  1  14.5220169183
3.5  0  1  1  0  1  1  0  1  1  1  0  1  0  1  1  1  0  0  1  0  1  0  1  0  1  0  1  0  0  0  1  1  14.6805187505
3.5  0  0  0  1  1  0  1  1  1  0  1  0  1  0  1  1  0  1  0  1  1  1  0  0  1  0  1  0  1  1  0  1  14.603062911
3.5  0  0  1  1  1  0  0  0  0  0  0  1  1  0  0  0  0  0  0  0  0  1  1  0  1  1  1  0  1  0  1  0  14.8905114555
3.5  1  1  0  1  1  0  0  1  1  0  0  0  1  0  1  1  0  0  1  0  0  0  1  1  1  1  1  0  1  0  1  1  14.567123511
3.5  1  0  0  0  0  0  0  1  1  0  0  0  0  0  0  0  0  0  0  0  0  0  0  1  1  0  0  1  1  0  0  0  15.4609811136
3.5  0  0  0  1  0  0  0  1  0  0  1  0  0  0  0  0  1  1  0  0  0  0  0  0  0  0  0  0  0  0  1  0  15.7139917917
3.5  1  1  0  1  0  1  1  1  1  0  0  0  1  1  0  0  0  0  0  0  1  1  1  1  1  0  1  0  0  0  1  1  14.6866762083
3.5  0  0  0  0  1  1  0  0  0  0  0  0  0  1  1  1  1  1  0  1  1  1  1  0  0  1  1  0  0  0  1  0  15.0614910376
3.5  0  0  0  0  0  1  0  0  1  0  0  0  1  0  0  0  0  0  0  1  1  0  1  0  1  1  0  0  0  0  0  0  15.3907338742
3.5  1  1  1  0  1  1  0  0  1  1  0  1  1  0  1  0  1  0  1  1  0  0  0  0  0  1  0  0  0  0  0  0  15.9489785585
3.5  1  1  1  0  0  1  0  1  1  1  1  0  0  1  1  0  1  0  1  0  1  1  1  0  1  0  0  1  1  0  1  0  14.6280532095
3.5  0  1  1  1  1  1  0  1  0  1  0  1  1  1  1  0  1  0  1  0  1  1  1  0  1  0  1  0  1  0  1  1  14.5589310462
3.5  1  0  1  0  1  0  1  1  1  1  0  1  0  0  1  0  1  0  1  0  1  1  1  1  1  1  1  1  1  0  1  0  14.5915040513
3.5  0  1  1  1  0  1  0  1  1  0  0  1  0  1  0  1  1  1  1  1  1  1  1  0  1  1  0  1  0  1  1  0  14.5618518741
3.5  1  0  1  0  1  0  1  1  0  1  1  0  1  0  0  1  0  1  0  1  0  1  1  1  0  1  0  1  0  0  1  1  14.5403768359
3.5  1  1  0  1  1  1  0  1  1  0  1  1  1  0  1  1  1  1  1  0  1  0  0  1  0  1  1  0  0  0  1  0  14.8047844999
3.5  1  1  0  0  1  0  1  0  0  1  0  1  1  0  1  1  0  1  1  1  0  1  1  1  1  1  0  0  1  0  1  0  14.5841757731
3.5  0  1  1  0  1  1  1  1  1  1  0  1  0  1  1  1  0  1  0  1  0  1  0  1  0  1  0  1  1  1  0  1  14.5609444995
3.5  0  1  0  1  0  1  0  1  0  1  1  1  1  0  1  0  0  1  1  1  0  1  1  0  1  0  1  0  1  0  0  1  14.5630605359
3.5  0  1  1  1  1  0  1  0  1  0  1  1  0  0  1  0  1  0  1  1  0  1  1  0  1  0  1  1  0  1  0  1  14.5642138867
3.5  1  1  0  1  0  1  1  0  1  0  1  1  1  1  0  1  1  0  1  0  0  1  0  1  1  1  0  1  1  0  1  0  14.5575476207
3.5  1  0  1  0  0  1  1  1  1  0  1  0  1  0  1  1  0  1  1  0  1  0  1  1  1  0  1  1  0  0  1  1  14.5474355996
3.5  0  1  1  1  1  0  1  0  1  1  0  1  0  1  1  0  1  0  1  0  1  0  0  1  0  1  1  1  1  0  1  1  14.5397978975
3.5  0  1  0  1  1  1  0  1  0  1  0  1  0  1  0  1  0  0  0  0  1  1  1  0  0  1  0  1  0  1  1  0  14.7349799452
3.5  1  1  0  1  0  1  1  0  1  0  1  1  0  1  1  1  1  1  1  1  1  1  1  1  1  0  1  1  0  1  0  1  14.6593156824
3.5  0  1  1  0  1  0  1  0  1  1  0  1  0  1  0  1  0  1  0  1  0  1  0  1  1  0  1  0  1  0  1  0  14.6387173515
3.5  1  1  0  1  1  0  0  0  0  0  1  0  1  0  0  1  1  0  0  1  1  1  0  1  1  0  0  0  1  1  1  0  14.7072004477
3.5  0  0  1  0  0  1  0  0  0  1  0  1  1  0  1  1  0  1  0  1  1  0  1  0  1  0  1  1  0  1  1  0  14.8044543476
3.5  1  0  0  1  1  0  0  0  1  0  1  0  1  1  0  0  0  1  1  0  1  1  1  0  0  1  0  0  0  0  1  1  14.7145603116
3.5  0  0  0  0  0  0  0  0  1  0  1  0  1  0  0  1  0  1  1  0  0  0  0  1  0  0  1  0  1  1  0  1  15.1610138925
3.5  0  1  0  1  0  0  0  1  0  0  1  1  1  0  0  0  1  0  0  1  0  0  1  0  1  1  1  1  0  0  0  0  14.9325122798
3.5  0  0  1  0  1  1  0  1  0  1  0  1  0  0  1  0  1  0  1  0  1  1  0  0  0  0  0  0  0  0  0  0  15.5413032329
3.5  1  0  0  1  1  0  0  1  0  1  0  1  1  0  1  0  1  0  0  0  0  1  1  1  0  1  0  1  1  1  0  1  14.5904139339
3.5  1  0  0  0  0  1  0  0  0  1  0  1  0  0  1  1  0  1  0  0  0  0  1  0  0  0  1  1  0  1  0  0  15.094494921
3.5  1  1  0  0  0  0  1  1  1  1  0  0  1  1  0  0  0  1  0  0  0  1  0  0  1  0  0  0  0  0  0  0  15.6749693967
3.5  0  0  0  0  0  0  0  0  0  0  0  0  0  0  0  0  1  1  0  1  1  0  1  1  0  1  0  1  1  1  0  1  17.0218740085
3.5  1  1  1  0  0  1  0  0  0  0  0  0  0  0  1  1  1  0  0  1  0  1  0  1  0  0  0  0  0  0  0  0  15.5735854465
3.5  0  0  0  0  0  0  1  0  0  0  1  1  0  0  0  0  0  0  0  0  1  0  0  0  1  1  0  0  1  1  0  0  15.316243031
3.5  1  1  0  0  0  0  0  0  0  0  1  0  0  1  0  0  0  0  0  0  0  0  0  0  1  0  0  0  0  0  0  0  16.2170031068
3.5  0  0  0  0  0  0  0  0  0  0  0  0  0  0  1  0  0  0  0  0  0  0  0  0  0  0  0  0  0  0  0  1  16.0955807285
3.5  1  1  1  0  0  1  0  0  1  1  0  1  0  0  0  1  1  0  0  0  0  1  1  1  1  0  0  1  0  0  0  0  15.0971760515
3.5  1  1  0  0  0  0  0  1  1  0  0  0  0  0  0  0  0  0  0  0  1  0  0  1  0  0  1  0  1  1  1  0  15.0021833454
3.5  0  0  1  1  0  0  1  0  0  0  0  1  0  0  1  1  0  1  0  0  1  1  0  1  0  1  1  1  1  1  1  1  15.0574785004
3.5  1  0  1  0  0  0  0  1  0  1  0  0  1  1  0  1  0  0  1  0  1  1  1  1  0  0  0  1  0  1  0  1  14.7495135225
3.5  0  0  0  1  0  1  1  0  0  0  0  0  1  0  1  1  1  1  0  0  1  0  0  1  0  0  0  1  1  1  0  1  14.7916225164
3.5  0  1  0  0  1  1  1  0  1  0  0  1  0  0  1  1  0  0  0  0  1  1  1  0  0  1  0  1  1  0  0  0  14.8771535128
3.5  1  0  1  0  1  0  1  0  1  1  1  1  1  1  0  0  0  0  1  0  1  0  1  1  1  0  0  0  0  1  1  1  14.63074648
3.5  1  0  1  1  1  0  0  1  1  0  1  0  1  1  0  1  1  1  0  1  0  1  0  1  0  0  1  1  0  0  1  1  14.5869015389
3.5  1  0  1  0  0  1  0  1  0  0  1  1  0  1  0  1  0  0  1  0  1  0  1  1  1  1  0  0  0  1  0  0  14.7917917248
3.5  1  0  0  0  1  0  0  1  0  0  0  0  1  1  0  0  1  1  1  0  0  1  1  1  0  1  0  1  0  1  0  0  14.9106592627
3.5  0  1  0  0  0  0  0  1  0  0  1  1  0  0  0  0  0  1  1  0  0  1  1  1  1  0  1  0  1  0  0  1  14.9727796034
3.5  1  0  1  1  1  0  0  0  1  0  0  0  1  0  0  0  0  0  0  0  0  1  0  0  0  0  0  0  0  1  1  0  15.6933824994
3.5  1  0  1  1  1  0  1  0  0  0  0  1  0  0  0  0  0  0  1  0  1  0  1  0  0  0  0  1  0  0  1  0  15.4425268504
3.5  1  1  0  0  1  0  0  0  1  0  0  0  0  0  1  0  0  1  0  1  1  1  0  0  0  0  0  0  1  0  0  0  15.3992105705
3.5  1  0  0  0  0  0  0  0  0  0  0  1  1  0  1  1  0  0  0  0  0  0  1  1  0  0  0  0  1  1  1  0  15.1845307076
3.5  0  0  0  0  1  1  1  0  0  1  0  0  0  0  0  0  1  1  1  1  0  1  0  0  0  0  1  0  0  1  0  1  14.8947531129
3.5  0  0  0  0  0  0  0  1  0  0  0  0  0  0  1  0  0  0  0  0  0  0  0  1  0  0  1  1  0  0  1  0  15.5481616686
3.5  0  0  0  0  1  0  0  1  0  1  0  0  0  0  0  0  1  0  0  0  1  0  0  0  0  0  0  0  0  0  1  0  15.7017528301
3.5  1  0  1  0  0  0  1  1  1  1  1  0  0  0  0  0  1  1  0  0  0  1  0  1  1  1  0  1  1  0  0  1  14.6835189803
3.5  0  0  0  0  1  1  0  0  0  1  1  1  1  0  0  0  0  1  0  1  1  1  0  1  1  1  1  1  1  1  1  1  15.490595337
3.5  1  1  0  1  0  0  0  0  0  1  1  0  1  0  0  0  1  1  0  1  1  1  0  0  0  0  1  1  0  1  0  1  14.7416810992
3.5  1  0  1  0  1  1  1  0  1  1  0  0  1  1  0  0  0  0  1  0  0  0  1  1  1  1  0  1  1  0  0  0  14.8563931815
3.5  0  0  0  0  1  0  0  0  1  0  1  0  0  0  1  1  1  0  0  1  1  0  1  1  1  1  1  1  0  0  0  0  15.1142932668
3.5  0  0  0  1  0  1  1  1  1  0  0  0  1  1  1  0  0  0  1  1  1  1  1  1  0  0  0  0  1  1  0  0  14.7128723671
3.5  0  1  1  1  1  1  0  1  0  1  0  0  0  0  1  1  1  1  1  1  1  0  0  1  0  0  1  1  0  1  0  0  14.7146108915
3.5  0  0  0  1  0  0  0  1  0  0  0  0  1  0  1  1  1  1  0  0  1  0  0  0  1  1  0  1  1  0  1  1  14.9820588596
3.5  1  0  1  0  1  1  0  0  1  0  1  0  0  1  0  0  1  1  0  1  1  0  0  1  1  1  0  1  1  0  0  0  14.7570543507
3.5  1  1  0  0  0  0  1  0  0  1  0  1  0  1  0  1  0  0  0  0  1  0  0  1  0  1  1  0  0  0  1  0  15.0676335402
3.5  0  0  1  0  1  0  1  1  0  0  1  1  0  0  1  0  0  0  0  0  0  0  0  0  1  0  0  0  1  0  0  1  15.3233058469
3.5  1  0  0  1  1  0  1  0  0  1  0  1  0  1  0  0  1  0  0  0  0  1  0  0  1  0  1  1  1  0  0  0  15.0174598934
3.5  1  1  0  1  1  0  1  0  1  0  1  0  1  0  0  0  1  1  1  0  0  1  0  0  0  0  1  1  0  1  1  1  14.6332217336
3.5  1  0  0  1  1  0  1  0  1  0  0  1  0  1  0  0  0  1  0  1  1  1  1  0  0  0  1  0  1  0  1  1  14.6400086806
3.5  1  0  1  0  1  0  1  1  0  0  1  0  0  0  0  0  1  0  0  0  1  0  0  0  1  0  0  0  0  1  0  0  15.6737000959
3.5  0  0  1  1  1  0  1  0  0  0  1  1  0  0  0  0  1  0  0  0  0  1  0  1  0  1  0  1  0  0  0  1  15.0122615608
3.5  1  1  1  0  0  1  1  1  1  1  1  1  1  1  1  1  1  1  0  1  0  0  1  1  0  1  0  1  0  0  0  0  15.1347788585
3.5  0  0  0  0  0  1  0  1  1  1  0  0  1  0  0  0  1  0  0  0  0  0  1  0  0  0  0  0  0  1  1  0  15.2402963511
3.5  1  1  1  1  1  1  0  0  0  1  1  1  0  0  0  0  0  0  0  1  1  0  0  0  1  1  1  0  0  0  0  0  15.6972341801
3.5  0  1  0  1  1  0  0  0  0  1  0  0  0  0  1  1  1  1  0  0  0  1  1  1  1  1  0  1  1  1  1  0  14.8829625941
3.5  0  0  0  0  0  1  1  0  0  0  0  1  1  0  0  1  1  1  0  0  0  0  1  1  0  0  0  0  0  0  0  0  15.3222100184
3.5  1  1  1  1  1  0  1  1  0  0  0  0  0  0  0  1  0  0  0  0  1  0  0  1  1  1  1  1  0  1  1  0  14.7239844156
3.5  1  1  0  0  0  0  1  1  1  1  0  1  0  1  1  0  0  0  0  0  0  1  0  1  0  0  0  1  0  1  1  0  14.9058565202
3.5  0  0  0  0  0  0  1  1  0  0  0  0  0  1  0  1  0  0  0  0  0  0  0  0  0  1  0  0  0  0  0  1  15.5412969857
3.5  1  0  0  0  0  0  0  0  0  0  0  0  1  1  1  1  1  1  1  0  0  0  0  0  0  0  0  0  1  1  1  0  15.220876261
3.5  0  0  0  0  0  1  1  0  0  0  0  0  1  0  0  0  0  0  0  0  0  0  0  0  0  0  0  0  0  0  0  0  16.3773107167
3.5  1  1  1  1  1  0  0  0  0  1  1  1  1  1  1  1  0  0  0  1  0  1  1  1  0  0  0  0  0  0  1  1  14.8044590686
3.5  1  1  1  1  0  0  0  1  1  1  1  1  1  1  1  1  1  1  1  1  1  1  1  1  1  1  1  1  1  1  1  0  14.9715703112
3.5  1  1  1  1  0  0  0  1  1  1  1  1  1  1  1  0  0  0  0  0  0  0  0  0  0  0  0  0  1  0  0  0  16.8033652557
3.5  0  1  1  1  1  1  1  1  1  0  0  0  0  0  0  0  0  0  0  1  1  1  1  0  0  0  0  0  0  0  0  0  16.1729457731
3.5  0  0  0  1  1  1  1  1  1  1  1  1  0  0  0  0  0  0  0  0  0  0  1  1  1  1  1  0  0  0  1  1  14.8057045004
3.5  0  0  0  0  0  1  1  1  1  1  1  1  1  1  1  1  1  1  1  1  1  1  1  1  1  1  1  1  1  0  0  1  15.3756867195
3.5  1  1  1  0  0  0  1  0  1  1  0  1  0  1  0  0  0  0  0  0  0  0  1  1  1  1  0  1  0  0  0  1  14.9070261992
3.5  0  1  0  1  0  0  0  1  1  1  0  0  1  1  1  1  1  0  0  0  1  0  0  0  0  1  1  1  0  0  0  1  14.7495868523
3.5  1  1  0  0  0  0  1  1  1  1  0  0  0  1  0  0  0  0  0  0  0  0  1  0  0  0  0  0  0  0  1  1  15.3359363558
3.5  1  0  0  0  0  0  1  0  1  0  0  0  0  0  0  1  0  0  0  0  1  0  0  0  1  0  1  0  0  1  1  1  14.8708202859
3.5  0  1  1  1  0  0  0  0  0  0  0  0  0  0  0  0  1  1  0  0  1  1  0  1  0  1  1  1  0  0  1  0  15.0153614862
3.5  1  1  1  1  0  1  0  0  0  0  1  1  1  0  0  1  0  1  0  0  0  0  0  0  1  0  0  0  0  0  0  0  16.1861174926
3.5  1  0  0  0  0  0  0  0  0  0  1  0  0  0  1  0  0  1  0  1  1  0  0  0  0  0  0  0  1  0  0  0  15.6285011714
3.5  1  0  0  0  1  0  0  0  0  0  0  1  0  0  0  0  1  0  0  0  0  0  1  0  0  1  0  0  0  1  0  0  15.6241478857
3.5  1  0  0  0  0  1  1  0  0  0  0  1  0  1  0  1  0  0  0  0  1  0  0  1  0  0  1  0  0  0  0  1  15.1734096381
3.5  1  0  0  0  0  0  0  0  1  0  0  0  0  0  0  0  0  0  0  0  1  0  0  0  1  1  0  0  0  0  0  0  15.9015782144
3.5  1  1  0  0  0  0  0  0  0  0  0  0  1  0  0  0  0  0  0  0  1  1  1  0  0  0  0  0  0  0  1  0  15.6424942465
3.5  0  0  1  1  0  1  0  0  0  1  1  0  0  0  0  1  0  1  0  0  1  0  0  0  0  0  0  0  1  0  1  0  15.34242193
3.5  1  0  1  0  1  0  0  0  0  0  0  1  0  0  1  1  0  1  0  0  0  0  0  1  0  0  1  0  0  0  0  0  15.5243272617
3.5  0  1  0  1  0  1  1  0  1  0  1  0  0  1  1  0  0  0  0  0  1  0  0  0  0  0  0  1  0  0  1  0  15.482456389
3.5  0  1  0  1  0  0  0  0  0  1  0  1  0  1  0  1  0  0  0  0  1  0  0  0  0  0  0  0  0  0  0  0  15.9183092564
3.5  0  0  0  0  0  0  0  0  1  0  1  0  1  1  1  0  1  0  0  0  0  1  0  1  0  0  0  1  0  1  0  0  15.2182488684
3.5  0  1  1  0  0  1  1  0  1  1  1  0  1  0  1  0  0  0  1  0  1  0  1  1  0  1  1  0  1  0  1  1  14.5635309404
3.5  0  1  0  1  1  0  1  0  1  0  1  0  1  1  1  0  1  1  0  1  1  1  0  1  1  0  1  0  0  1  0  1  14.5839041819
3.5  1  0  1  1  1  0  1  1  0  1  0  1  0  1  0  0  1  1  1  0  1  1  1  1  0  1  0  0  1  0  1  0  14.6198373376
3.5  1  1  0  1  0  1  0  1  0  0  1  1  0  1  0  1  0  1  0  1  0  1  0  1  0  0  0  1  0  1  0  1  14.7399100234
3.5  0  1  1  0  1  0  1  0  1  0  1  0  1  0  1  0  1  1  0  1  0  1  0  1  0  0  1  0  1  0  1  1  14.5826425697
3.5  0  1  0  1  0  1  0  1  0  1  0  1  0  1  0  1  1  0  1  0  1  1  1  0  1  0  1  0  1  0  0  1  14.6437640274
3.5  1  0  1  1  0  1  0  1  1  1  0  1  1  0  1  0  1  0  1  0  1  0  1  0  1  1  0  1  0  1  1  0  14.6159803767
3.5  1  0  1  0  1  1  0  1  0  1  0  1  0  1  0  1  0  1  1  0  1  0  1  0  1  0  1  0  1  1  0  1  14.5802193125
3.5  0  0  0  0  1  1  0  1  1  0  0  0  1  0  1  0  1  1  1  1  1  1  0  0  1  1  0  1  1  1  0  1  14.8820725355
3.5  1  0  0  0  0  1  1  1  0  0  0  1  1  1  0  1  1  1  1  1  0  1  1  1  1  0  0  1  1  1  0  0  14.6831167282
3.5  0  0  0  0  1  1  0  0  0  0  1  0  1  1  0  0  0  0  0  0  0  0  0  1  1  1  1  1  1  0  1  0  14.8998738655
3.5  0  0  0  0  0  0  0  1  1  1  1  0  0  1  0  0  1  1  0  1  0  0  1  1  0  1  1  0  0  0  0  1  14.9701361745
3.5  0  0  0  1  1  1  1  1  1  1  0  0  0  0  1  1  1  0  0  1  0  0  1  1  1  0  0  1  0  1  1  1  14.5615246827
3.5  0  1  1  1  0  0  1  0  1  1  0  0  0  1  0  0  0  0  1  1  0  0  0  0  0  1  0  1  1  1  1  1  14.5657935347
3.5  1  1  0  0  1  1  1  0  0  0  1  1  1  1  1  0  0  0  0  1  0  1  0  0  0  1  1  0  0  1  1  1  14.6373195432
3.5  1  1  0  0  1  1  1  1  0  0  0  0  1  1  1  0  1  1  1  1  0  1  0  1  1  1  0  0  1  0  0  0  14.6741004211
3.5  0  1  0  0  1  0  0  0  0  1  1  0  1  0  0  1  1  1  0  1  0  1  0  1  0  0  0  0  1  1  0  1  14.7770468698
3.5  1  0  0  1  0  0  0  1  0  0  1  0  1  1  1  1  0  0  1  0  0  1  1  0  1  0  1  1  0  1  0  0  14.7926547913
3.5  1  0  1  0  1  0  1  1  0  1  0  0  1  0  1  0  1  0  0  1  1  0  1  0  1  0  1  0  0  1  1  0  14.7223253803
3.5  1  1  0  0  0  1  1  1  1  0  0  0  0  1  0  1  0  0  1  1  0  1  0  0  1  1  1  1  0  0  0  0  14.8573066085
3.5  1  1  1  0  1  0  1  0  1  0  0  1  0  0  1  1  1  1  0  0  1  0  0  0  1  1  0  1  0  1  0  0  14.952550295
3.5  0  1  1  0  0  1  0  0  0  1  1  0  0  1  0  0  0  0  0  1  0  1  1  0  0  1  0  1  1  0  1  1  14.6879116372
3.5  0  0  0  1  0  1  1  0  1  0  0  1  0  1  0  0  1  0  1  0  1  1  0  1  1  0  1  0  0  0  1  1  14.6756675594
3.5  1  1  1  1  0  0  1  0  1  0  1  1  1  1  1  0  1  0  1  1  0  1  1  1  0  1  0  0  0  0  1  0  14.7479393659
3.5  0  0  0  1  1  1  0  0  0  0  1  1  1  0  0  1  1  1  1  0  0  0  0  0  1  1  0  0  0  1  0  1  14.7789992801
3.5  1  0  0  0  1  0  0  0  0  1  1  1  0  0  1  1  0  0  1  1  1  0  0  0  0  0  0  1  0  0  0  1  14.9809244808
3.5  1  1  1  1  0  0  0  1  1  1  1  1  1  1  1  1  0  0  0  1  0  1  0  0  0  0  0  0  1  0  1  1  14.9938983892
3.5  1  1  0  1  1  0  0  0  0  0  0  0  1  0  1  1  1  1  0  0  1  0  0  0  0  0  0  0  1  1  1  1  14.7080268455
3.5  1  0  0  1  0  0  1  0  1  0  1  1  1  1  0  1  0  0  0  0  0  0  1  0  0  1  0  0  0  0  0  0  15.5485833259
3.5  0  0  0  1  1  0  0  0  0  0  0  0  0  0  0  0  1  0  0  0  1  0  1  1  0  0  1  0  0  0  0  1  15.2488691001
3.5  1  1  0  0  0  0  0  1  0  0  1  0  1  0  1  0  0  1  1  1  1  0  0  0  0  1  0  0  0  0  0  0  15.2173360473
3.5  0  0  0  0  1  0  0  0  1  0  1  0  1  0  1  1  0  0  0  0  0  1  1  0  0  0  1  0  0  0  0  0  15.3433922057
3.5  1  1  0  1  0  0  0  1  0  0  0  1  1  0  1  0  1  0  0  1  1  0  0  1  0  0  0  0  0  1  1  1  15.4220635067
3.5  1  1  0  1  0  1  1  1  0  1  0  1  1  0  0  1  0  0  0  1  1  1  1  1  1  1  0  1  1  1  1  0  15.1675290003
3.5  1  1  1  1  0  1  1  0  0  1  1  0  1  1  0  1  1  0  1  1  1  1  0  1  0  1  1  0  0  1  1  0  15.2415377988
3.5  0  1  1  1  1  1  1  1  0  1  0  1  0  0  0  0  1  0  1  1  0  1  0  1  1  1  0  0  0  0  0  1  15.5256467135
3.5  0  1  1  0  1  0  1  1  0  0  1  0  0  1  1  0  1  0  0  1  0  0  0  1  0  1  1  0  0  1  0  0  15.5849125622
3.5  1  0  1  0  0  0  0  1  1  1  0  0  0  1  0  0  0  1  0  0  1  0  0  1  0  0  0  1  1  0  1  1  15.419730136
3.5  0  1  1  0  0  1  0  1  0  1  1  1  0  0  0  0  1  0  0  0  1  1  1  1  0  0  1  1  1  0  0  1  15.3070354778
3.5  1  1  0  0  1  0  0  0  0  1  1  1  0  1  0  1  1  1  1  1  1  1  0  0  0  0  1  1  1  1  0  0  15.3100961412
3.5  0  1  0  1  0  1  0  1  1  0  0  0  1  0  0  1  0  0  1  0  0  0  0  1  0  1  1  0  1  1  0  0  15.5388536631
3.5  1  0  1  0  0  0  0  1  1  0  0  1  1  1  0  0  0  0  0  1  1  0  0  1  1  1  1  1  1  1  0  0  15.3728664542
3.5  0  1  0  0  1  0  0  0  1  0  1  1  1  1  0  0  0  1  0  0  1  1  1  0  1  0  1  0  1  1  0  1  15.3445689692
3.5  0  1  0  1  0  1  0  0  1  0  1  0  0  1  0  1  0  0  1  0  0  1  1  1  0  0  0  0  0  0  1  1  15.4913129676
3.5  0  0  0  0  0  1  0  1  0  1  1  0  1  0  0  1  0  1  0  1  0  1  1  0  0  1  1  1  0  0  0  0  15.5368671086
3.5  1  1  0  0  1  1  1  1  1  0  0  0  1  0  1  1  1  1  1  1  0  1  1  0  1  1  0  1  0  0  1  1  15.1618476743
3.5  0  1  1  1  1  1  0  0  1  1  1  0  1  1  0  1  1  1  0  1  0  1  1  0  1  0  0  0  1  1  0  1  15.2481573527
3.5  1  1  0  1  1  0  0  1  1  0  0  0  1  1  1  1  0  0  1  1  1  0  1  0  1  0  1  1  0  1  1  1  15.1671742186
3.5  0  0  1  0  1  0  1  1  0  1  1  1  1  0  1  1  0  0  0  0  1  1  1  0  1  1  0  1  0  0  0  0  15.40540051
3.5  1  1  0  0  1  0  0  1  0  0  1  0  1  1  1  1  0  0  0  0  1  0  0  0  1  0  0  1  1  0  0  0  15.6413633999
3.5  0  0  1  0  1  0  0  0  1  1  1  0  1  0  1  0  1  1  1  0  1  0  0  1  1  1  1  1  0  1  0  0  15.3396976398
3.5  1  1  0  1  1  1  0  0  0  1  1  0  0  0  1  0  1  0  1  0  1  1  0  1  0  0  1  1  1  0  1  1  15.2344272064
3.5  0  0  0  1  0  0  0  1  0  1  0  0  1  0  0  1  1  0  1  1  0  1  1  1  0  0  1  0  1  1  0  0  15.5219366665
3.5  0  1  0  0  1  0  1  0  1  0  1  0  0  1  1  1  0  0  0  0  1  0  1  1  0  0  0  0  0  0  1  1  15.4815121092
3.5  1  1  0  1  0  0  1  0  1  1  0  0  1  1  0  1  0  0  0  0  1  1  0  0  1  1  0  1  0  0  0  1  15.459410539
3.5  0  0  1  1  0  0  0  1  0  1  0  0  0  1  1  1  0  1  0  1  1  1  1  0  0  1  1  0  0  1  0  0  15.4145838103
3.5  1  1  1  0  1  1  0  1  0  0  0  0  0  0  1  0  0  0  1  1  0  1  0  0  0  1  1  0  1  1  0  0  15.6047784378
3.5  0  0  1  0  0  0  0  0  0  1  1  1  0  0  1  1  0  0  0  0  0  1  0  0  1  0  0  1  1  0  1  1  15.4794097901
3.5  0  1  0  1  0  0  1  0  1  1  1  1  1  1  1  1  0  1  1  0  1  0  1  1  1  1  0  1  0  0  1  1  15.1902515705
3.5  1  0  0  0  1  0  0  0  0  0  0  0  1  0  1  1  1  0  1  0  0  0  0  0  0  0  0  0  0  1  1  1  15.583017733
3.5  1  1  1  1  0  1  1  1  1  1  0  1  1  1  0  0  1  0  1  1  1  1  1  0  0  0  0  0  1  1  1  0  15.4104776953
3.5  1  1  1  0  0  0  0  0  0  0  1  0  0  0  1  1  1  1  1  0  1  0  0  1  0  0  0  0  1  1  1  1  15.4318839068
3.5  0  0  0  0  0  1  0  0  0  0  0  1  0  0  0  0  0  1  0  0  1  0  1  1  0  0  1  0  0  0  1  1  15.7243617416
3.5  1  0  0  0  1  0  1  1  0  1  0  0  0  0  0  0  1  1  1  1  0  0  1  1  1  1  1  0  1  1  0  1  15.3435252355
3.5  1  0  1  1  0  1  0  0  1  1  0  1  1  1  1  1  1  1  0  1  0  1  0  0  0  1  1  1  1  1  0  1  15.1683118608
3.5  0  1  0  0  1  0  1  1  1  1  1  0  1  0  0  0  0  1  1  0  0  1  0  1  1  0  0  0  1  0  0  0  15.5872487968
3.5  0  1  1  1  1  0  0  1  0  1  1  0  1  0  1  1  1  1  0  0  1  1  0  1  0  0  0  1  1  1  1  0  15.2528345573
3.5  0  1  0  0  1  0  0  1  0  1  0  1  1  0  0  0  0  0  1  1  0  0  0  1  1  0  1  1  1  0  1  0  15.4256303496
3.5  1  0  1  0  1  1  0  0  0  1  1  0  1  1  1  1  0  1  0  1  0  0  1  0  1  0  1  0  0  1  1  1  15.2320980713
3.5  0  0  1  0  0  0  0  1  0  1  1  1  0  0  0  0  0  0  1  0  0  0  1  0  0  0  0  1  0  0  0  1  15.7604551478
3.5  1  0  1  1  0  1  1  0  0  1  1  0  1  1  1  0  0  0  0  1  0  0  0  0  0  1  1  0  0  1  0  1  15.5495742083
3.5  0  0  0  1  1  1  1  0  0  0  1  0  1  1  1  0  1  0  0  0  0  1  1  0  1  1  0  0  0  0  1  0  15.4875670384
3.5  1  0  1  0  1  0  0  1  1  1  0  0  0  0  1  1  1  0  1  0  0  1  0  1  0  1  1  0  0  1  0  1  15.3259817967
3.5  1  1  1  0  1  0  1  1  1  0  1  1  0  1  1  1  1  1  0  1  0  0  1  0  1  1  0  1  1  0  1  0  15.2383197536
3.5  1  1  1  1  0  1  1  1  1  1  1  1  0  1  0  1  0  0  1  1  1  1  0  1  1  1  0  1  0  1  1  1  15.172068165
3.5  1  1  0  1  0  1  1  0  1  1  0  0  1  1  0  0  0  0  0  0  1  0  1  0  1  1  1  0  0  1  0  0  15.588358466
3.5  0  0  0  1  1  0  0  1  0  0  1  1  0  0  1  0  0  1  0  0  0  0  0  1  0  1  1  0  1  0  0  1  15.5105640829
3.5  0  1  1  0  1  1  1  0  1  1  0  0  0  1  1  1  1  1  1  0  0  0  0  0  0  1  1  1  0  1  0  0  15.4416976151
3.5  0  0  0  1  0  1  0  0  1  0  1  0  0  0  1  0  1  1  1  1  0  1  0  1  1  0  0  0  1  1  0  0  15.4833421571
3.5  0  0  0  1  1  1  0  0  1  0  0  1  0  1  1  0  1  0  0  1  1  1  0  0  0  0  1  1  0  1  0  0  15.4635551191
3.5  1  0  1  0  1  0  1  1  1  1  1  0  0  0  1  0  0  1  0  0  0  1  0  1  1  0  0  0  1  1  1  1  15.2803511651
3.5  0  1  1  0  1  1  1  0  0  0  1  1  1  0  1  1  0  0  0  0  0  1  1  1  0  1  0  1  1  1  0  0  15.3682659743
3.5  0  1  0  0  0  1  0  1  1  0  1  1  0  0  0  0  0  0  1  0  0  1  1  0  1  1  1  0  0  0  0  0  15.6132687899
3.5  0  0  1  1  1  1  1  0  0  1  0  1  0  0  0  0  1  0  1  0  1  0  1  1  1  1  0  1  0  1  1  1  15.1875087314
3.5  1  0  0  1  0  1  0  1  0  1  0  0  0  0  0  1  1  1  0  1  0  1  0  0  1  0  1  0  1  1  0  0  15.4616941871
3.5  0  0  1  1  0  1  0  0  1  1  1  0  1  0  1  0  0  1  0  0  1  0  0  1  1  1  0  0  0  0  1  0  15.5191796473
3.5  1  1  0  0  1  0  0  0  0  1  1  0  1  1  0  1  1  1  1  0  0  1  0  1  0  1  1  0  1  1  0  1  15.301085462
3.5  0  1  1  0  1  1  0  1  1  0  1  0  0  0  0  1  0  1  0  1  0  1  1  1  0  0  1  1  0  0  1  0  15.4025234215
3.5  1  1  1  0  0  0  1  0  0  1  1  0  1  1  1  0  1  1  0  0  1  0  0  0  0  0  1  1  0  1  1  0  15.405246257
3.5  0  1  1  1  1  0  1  1  0  0  1  0  0  0  1  1  0  1  0  1  0  1  1  0  0  0  0  0  0  1  0  1  15.5552944623
3.5  0  1  1  1  1  1  0  0  1  0  0  1  0  1  0  0  1  1  1  0  0  0  1  0  0  1  1  0  1  0  1  0  15.4569505963
3.5  0  0  1  0  0  1  1  1  1  0  0  1  1  0  0  1  0  0  1  0  1  0  1  0  0  1  1  0  1  1  1  0  15.3170019172
3.5  1  0  1  0  0  1  1  0  0  1  0  0  1  0  0  1  1  1  0  0  1  0  0  0  0  1  1  0  1  1  0  1  15.3615891297
3.5  0  1  1  1  0  0  1  1  1  0  1  1  0  1  0  1  0  1  0  0  0  1  0  1  1  0  0  1  0  1  1  1  15.2542230285
3.5  0  0  1  0  0  0  0  0  0  0  1  0  0  0  0  0  1  1  1  0  0  1  0  1  1  1  0  0  0  0  0  1  15.7505408474
3.5  0  1  1  0  1  0  0  0  0  1  1  0  0  1  1  1  1  0  0  0  0  1  1  0  1  1  1  1  1  0  0  0  15.3636737347
3.5  0  0  0  0  0  1  0  0  0  0  1  1  1  1  1  0  0  0  0  1  0  0  1  1  0  0  0  0  0  0  1  1  15.4106653407
3.5  1  0  1  1  1  1  0  0  0  0  1  1  1  0  0  0  1  1  0  1  1  1  1  1  1  1  1  1  1  1  0  0  15.0627642882
3.5  1  0  1  1  0  0  1  0  0  0  0  0  0  0  0  0  0  1  1  1  0  1  1  0  0  0  1  0  0  1  1  1  15.2604615261
3.5  0  0  0  0  1  0  0  1  1  1  1  0  1  0  0  0  0  0  0  1  1  0  0  0  0  0  0  0  1  0  1  0  15.565826959
3.5  0  0  0  0  0  0  1  1  1  1  1  1  1  1  1  1  0  1  1  1  1  1  1  0  0  1  1  1  1  0  0  0  15.2036559461
3.5  0  0  1  0  1  0  1  1  1  1  0  1  1  0  0  0  1  1  1  1  1  1  1  0  0  1  1  1  0  1  1  1  15.0791757786
3.5  1  1  1  1  1  0  0  0  1  1  1  1  0  0  0  0  1  0  0  1  1  1  1  0  1  1  0  1  0  1  0  0  15.2691575802
3.5  1  1  1  1  1  1  0  1  1  1  1  0  0  1  0  1  1  1  1  1  1  1  1  1  1  0  0  0  1  0  0  1  15.1027903602
3.5  1  0  0  0  1  1  1  1  1  1  1  1  1  1  1  1  1  1  1  0  1  1  0  1  1  1  0  1  0  0  0  0  15.012695667
3.5  1  1  1  0  1  1  1  1  0  1  0  0  0  0  0  0  0  0  0  0  1  1  1  0  1  1  0  0  1  0  0  0  15.6948252504
3.5  0  1  1  1  1  0  1  1  1  0  0  1  0  0  1  1  0  0  0  0  0  1  0  0  1  1  1  1  1  0  0  0  15.3932203934
3.5  0  0  0  0  1  0  0  0  1  0  0  0  0  0  1  1  1  0  0  0  0  0  0  0  0  0  0  0  1  0  0  0  15.9703238166
3.5  1  1  0  1  1  1  1  1  1  1  0  0  0  1  1  1  0  0  0  0  0  0  1  1  0  0  0  1  0  0  0  0  16.2349824075
3.5  1  1  1  1  0  0  0  1  1  1  0  1  1  0  1  1  0  0  0  0  0  1  1  0  0  0  1  1  0  0  1  1  15.266246833
3.5  0  0  0  1  1  1  1  0  0  0  0  0  0  1  0  0  0  0  0  1  1  1  1  1  1  1  1  1  1  0  0  0  15.2988063649
3.5  0  1  1  1  0  0  1  1  1  1  1  1  1  1  1  1  1  1  1  1  1  1  1  1  1  0  0  0  0  0  1  1  14.9547870846
3.5  0  1  1  0  0  1  1  1  0  1  1  1  0  1  0  0  0  1  1  0  1  1  1  1  0  0  0  0  0  0  0  0  15.5402326645
3.5  0  0  0  1  0  0  0  0  1  0  0  0  1  1  0  1  1  0  0  0  1  1  1  1  1  1  1  1  1  0  0  0  15.5669027724
3.5  1  1  1  1  1  0  1  1  1  1  1  1  1  1  0  0  1  0  1  0  0  1  1  0  0  1  1  1  1  0  1  1  15.1254021377
3.5  0  0  1  0  0  0  0  1  1  1  0  0  0  0  1  1  1  1  1  1  1  1  1  1  1  1  0  0  1  0  0  0  15.3279838673
3.5  0  0  1  1  1  1  0  0  0  0  0  0  1  1  1  0  0  0  0  0  0  0  0  1  0  0  0  0  0  0  0  1  15.8706384845
3.5  0  0  0  1  1  0  0  0  0  1  1  1  0  1  1  0  0  0  0  0  1  1  1  1  0  0  0  1  1  1  1  0  15.2197324968
3.5  1  1  1  0  0  0  0  0  0  0  1  1  0  0  0  0  0  1  0  0  0  0  1  1  1  0  1  1  1  1  1  1  15.2209992226
3.5  1  1  0  0  1  1  0  1  1  1  0  0  0  1  1  1  1  1  1  1  1  0  1  1  1  0  0  0  0  0  0  0  15.276477238
3.5  0  0  1  0  0  1  1  1  0  0  0  0  0  0  0  1  1  0  0  1  1  0  0  1  0  1  1  1  1  1  1  0  15.2404849765
3.5  1  1  1  1  1  0  0  0  1  1  1  1  1  0  0  0  0  0  0  0  0  1  0  1  1  0  1  1  0  0  0  0  15.7148407996
3.5  0  0  1  1  0  1  1  1  1  1  1  0  0  0  1  1  1  1  1  1  0  0  0  1  0  1  0  0  1  1  0  0  15.2006038
3.5  1  0  0  1  0  0  0  0  1  1  0  0  0  0  1  0  0  1  1  0  0  0  0  0  0  0  1  1  0  0  0  0  15.7874069188
3.5  0  0  0  0  1  1  1  0  0  0  1  0  0  0  1  0  0  1  1  0  1  1  1  0  0  1  0  1  1  1  0  0  15.2997700259
3.5  1  1  1  1  1  1  0  0  0  0  0  0  0  1  1  1  1  1  1  1  1  1  1  1  1  0  0  0  1  1  1  1  15.0869436209
3.5  1  0  0  0  0  0  0  1  1  1  0  0  1  1  1  0  1  1  1  0  1  1  0  0  1  1  1  1  0  0  1  1  15.2760621464
3.5  1  1  1  0  1  1  1  1  0  0  0  0  0  0  0  0  0  0  0  1  1  0  0  0  0  0  0  0  1  1  1  1  15.4077083706
3.5  0  1  1  0  0  1  1  0  0  1  1  1  1  0  0  0  1  0  0  0  0  0  0  1  1  0  1  1  1  1  0  0  15.2627993028
3.5  0  0  0  0  1  1  1  1  1  0  0  0  0  0  0  1  1  1  0  1  0  1  1  0  1  1  1  1  1  1  1  0  15.2210335756
3.5  1  1  1  1  1  1  1  0  0  0  1  1  0  0  0  0  0  0  0  0  0  0  0  1  1  1  0  0  0  0  0  1  16.01245974
3.5  1  1  0  0  1  1  1  1  0  0  0  0  0  0  0  0  1  0  1  1  1  1  0  0  0  0  0  0  0  0  0  0  15.9188684804
3.5  1  1  1  1  0  0  1  0  0  0  0  0  1  0  0  0  0  1  0  0  0  0  0  0  1  0  0  0  1  0  0  0  16.2356817644
3.5  0  0  0  1  0  0  0  0  1  1  1  1  0  0  1  1  1  1  0  0  1  0  0  0  0  0  0  0  1  0  0  1  15.3776174785
3.5  1  1  1  1  1  0  1  1  1  1  1  1  1  1  1  0  0  0  1  1  1  1  1  1  1  1  1  0  0  0  0  0  15.3138606199
3.5  1  1  0  1  0  0  0  0  0  1  1  1  1  1  1  1  0  0  0  1  0  1  1  0  0  0  0  0  0  0  1  1  15.2530235531
3.5  0  1  0  0  0  1  1  1  0  0  0  1  1  1  1  1  0  1  1  0  0  0  0  0  0  1  0  0  0  0  0  1  15.3935009753
3.5  1  0  1  1  1  1  1  1  1  1  1  0  0  0  1  1  1  1  0  0  1  1  1  1  0  0  1  0  1  0  0  1  15.2120185274
3.5  0  0  0  1  1  1  1  1  1  1  1  1  1  1  1  1  1  1  1  0  0  0  0  1  1  0  0  1  0  0  0  1  15.256573981
3.5  1  0  0  1  1  1  1  1  1  1  1  1  1  1  1  0  0  1  0  0  1  1  1  1  1  1  1  0  0  0  0  0  15.2481104401
3.5  0  0  0  0  1  1  1  1  1  0  0  1  0  0  1  1  0  0  0  0  1  1  0  1  0  1  1  0  0  0  0  0  15.4300294802
3.5  0  0  1  1  1  1  0  0  0  1  1  1  1  1  1  0  0  0  0  0  0  0  0  0  1  0  0  0  0  1  0  0  15.9405420075
3.5  1  0  0  1  0  0  0  0  0  0  0  0  0  0  0  1  1  1  1  0  1  0  0  0  0  0  0  1  0  1  0  1  15.5330775789
3.5  1  1  0  0  0  0  1  0  1  1  0  1  0  1  1  0  0  1  1  1  0  0  0  1  1  0  0  0  0  1  1  0  15.2579185298
3.5  0  0  0  0  0  0  1  0  1  1  1  1  0  1  1  0  1  1  1  1  0  0  0  0  1  0  0  0  1  1  0  1  15.2282921362
3.5  1  1  1  1  1  1  1  0  0  0  0  1  1  1  1  0  1  0  0  0  1  1  1  1  0  0  1  1  0  0  0  0  15.4746787367
3.5  0  1  1  1  0  0  1  0  0  1  0  0  0  0  0  1  1  0  0  0  0  0  0  0  0  0  1  1  0  0  1  1  15.4511857125
3.5  0  1  1  1  0  0  1  1  1  1  1  1  1  1  1  0  0  0  0  1  0  0  0  0  1  0  0  1  1  1  1  1  15.1633360789
3.5  1  0  0  0  0  0  1  1  0  0  0  0  0  0  1  0  0  1  1  0  0  1  1  1  1  0  1  1  0  0  0  0  15.4919579812
3.5  0  0  0  0  0  0  0  0  0  0  0  0  0  0  0  0  1  1  1  0  1  1  0  0  0  0  1  1  1  0  0  0  16.0608769843
3.5  0  1  1  0  0  1  0  1  1  1  1  1  1  1  1  1  1  1  1  1  1  1  0  1  1  0  0  0  1  1  1  0  14.9537187186
3.5  1  1  1  1  1  1  0  0  0  0  1  1  1  0  0  0  0  0  0  0  1  0  0  0  0  0  0  1  1  1  1  1  15.3010918392
3.5  1  1  1  0  1  1  0  1  0  1  1  0  0  0  0  1  0  1  0  0  0  1  1  1  0  1  1  1  0  0  0  0  15.4261899253
3.5  0  0  0  0  0  0  1  0  1  1  1  1  1  1  0  0  0  0  0  0  0  1  1  1  1  1  1  1  0  0  0  1  15.2727296371
3.5  0  0  0  0  0  0  0  0  0  0  1  1  1  1  1  1  0  1  0  0  0  1  1  1  1  1  1  0  0  0  0  0  15.6378965282
3.5  0  0  0  1  1  1  0  1  0  0  0  0  1  1  0  0  0  0  1  0  0  0  0  0  1  0  0  0  1  1  1  1  15.2294906155
3.5  0  0  0  0  0  1  0  0  0  0  1  0  0  0  0  1  1  1  0  1  1  1  1  0  0  1  1  1  1  0  0  1  15.7692174182
3.5  1  1  0  0  0  0  0  1  1  1  0  1  1  0  1  1  0  0  0  0  0  0  0  0  0  1  1  1  1  1  1  0  15.1810726468
3.5  0  0  1  0  0  1  0  0  0  0  0  0  0  0  1  0  0  0  0  0  0  0  0  1  0  1  0  0  0  1  1  0  15.7207986825
3.5  0  1  1  1  1  1  1  1  1  1  1  1  0  1  1  0  0  0  0  1  1  1  0  1  1  0  1  0  0  1  1  0  15.3156711489
3.5  0  1  1  1  1  1  1  1  1  1  1  1  1  1  1  1  1  1  1  1  1  1  0  0  0  0  1  1  0  0  0  0  15.9798029116
3.5  0  0  0  0  0  0  1  1  1  1  1  1  1  1  1  1  1  1  1  1  1  1  1  1  0  0  0  0  0  0  0  0  15.2552753033
3.5  1  1  1  1  1  1  1  1  1  1  1  1  1  0  0  0  1  1  1  1  1  0  0  0  0  0  0  0  0  0  0  0  17.2176076377
3.5  1  1  1  1  1  0  0  0  0  1  1  1  1  1  1  1  1  1  1  0  0  0  0  0  0  0  0  0  0  0  0  0  16.4168055516
3.5  1  1  1  1  1  1  1  1  1  0  0  0  0  1  1  1  0  0  0  0  0  0  0  0  0  0  0  0  0  0  0  0  17.375033309
3.5  0  0  0  0  0  1  1  0  0  0  0  0  1  1  1  1  1  1  1  1  1  0  1  1  1  1  1  1  1  1  1  1  16.5317716323
3.5  0  0  0  0  0  0  0  0  0  0  0  1  1  0  0  0  0  0  0  0  0  0  0  0  0  1  1  1  1  1  1  1  15.9235160913
3.5  1  1  1  1  1  1  1  1  1  1  0  0  0  0  0  0  0  0  0  0  0  0  0  0  0  0  0  0  0  0  1  1  16.6979400686
3.5  0  0  0  0  1  1  1  1  1  1  1  1  1  0  0  0  0  0  0  0  0  0  0  0  0  0  0  0  0  0  0  0  16.9136172311
3.5  1  1  1  1  1  1  1  1  1  1  0  0  0  0  1  1  1  1  1  1  1  1  1  1  1  1  1  1  0  0  0  0  15.1082778315
3.5  1  1  1  1  1  1  1  1  1  1  0  0  0  0  0  0  0  0  0  0  0  0  1  1  1  1  1  0  0  0  0  0  16.107980853
3.5  0  0  0  0  0  0  0  0  0  0  0  0  0  0  0  0  0  0  0  0  0  0  0  0  0  0  0  0  0  0  0  1  16.4034653368
3.5  1  1  1  1  1  1  1  1  1  1  1  1  1  1  1  1  0  0  0  0  0  0  0  0  0  0  1  1  1  1  1  1  15.8328219425
3.5  1  1  1  1  1  0  0  0  0  0  0  0  0  0  0  0  0  0  0  0  0  0  0  0  0  0  0  0  0  0  0  0  17.1670717786
3.5  0  0  0  0  0  0  0  0  0  0  0  0  0  0  0  0  0  0  0  0  1  1  1  1  1  1  1  1  1  1  1  1  18.3021509635
3.5  1  1  1  1  1  1  0  0  0  0  0  0  0  0  0  0  0  0  0  0  0  0  0  0  0  0  0  0  0  0  0  0  17.315445842
3.5  0  0  0  0  0  0  0  0  0  0  0  0  0  0  0  1  1  1  1  1  1  1  1  1  1  1  1  1  1  0  0  0  17.003188475
3.5  0  1  1  1  1  1  0  0  0  0  0  0  0  1  0  0  0  0  0  0  0  1  1  1  1  1  1  1  1  1  1  1  15.0947703043
3.5  1  1  1  1  1  1  1  1  1  1  1  1  1  1  1  1  1  0  0  0  1  1  1  1  1  1  1  1  1  1  1  1  15.1186935342
3.5  1  1  1  1  1  1  1  1  1  1  0  0  0  0  0  0  0  0  0  0  0  1  1  1  1  1  1  1  1  1  1  1  15.1024398538
3.5  0  0  0  0  0  0  0  0  1  1  1  1  1  1  1  1  1  1  1  1  1  1  1  1  1  1  1  1  1  1  1  1  16.9297038171
3.5  0  0  0  0  0  0  1  1  1  1  1  1  1  1  1  1  1  1  1  1  1  1  0  0  0  0  0  0  1  1  1  0  15.1507218774
3.5  1  1  1  1  1  1  1  1  1  1  0  0  0  0  0  0  0  1  1  1  0  0  0  0  0  0  0  0  1  1  1  1  15.6228010661
3.5  1  1  1  1  1  1  1  1  1  1  1  1  1  1  1  1  1  1  1  1  1  1  0  0  0  0  0  0  0  0  0  0  17.2345593624
3.5  0  0  0  0  0  0  0  0  0  0  0  1  1  1  1  1  1  1  1  0  0  0  0  0  0  0  0  1  1  1  1  1  15.7053198948
3.5  0  0  0  0  0  0  0  0  0  0  0  0  0  0  0  0  0  0  0  0  0  0  0  0  0  0  0  0  0  0  0  0  16.7346109005
3.5  1  0  0  0  0  0  0  0  0  0  0  0  0  0  0  0  0  0  0  0  0  0  0  0  0  0  0  0  0  0  0  0  16.7567540911
3.5  1  1  0  0  0  0  0  1  1  1  1  1  1  1  1  1  1  1  1  1  1  1  1  1  1  1  1  1  1  1  1  1  15.8416354645
3.5  1  1  0  0  0  0  0  0  0  0  0  1  1  1  1  1  1  0  0  0  0  0  0  0  0  0  1  1  1  1  1  1  15.3315724218
3.5  1  1  0  0  0  0  0  0  0  0  0  0  0  1  1  1  1  1  1  1  1  1  1  1  1  1  1  1  1  1  1  1  17.3409590556
3.5  1  1  1  0  0  0  0  0  0  0  0  0  0  0  0  0  0  0  0  0  0  0  0  0  0  0  0  1  1  1  1  1  15.0595414529
3.5  0  0  0  0  0  0  0  0  0  0  0  0  1  1  1  1  1  1  1  1  1  1  1  1  1  1  1  1  1  0  0  0  16.5951950594
3.5  1  1  1  1  1  1  1  1  1  1  1  0  0  0  0  0  1  1  1  1  1  1  1  1  1  1  1  1  1  1  0  0  15.038748347
3.5  0  0  0  0  0  0  0  0  0  0  1  1  1  1  1  1  1  0  0  0  0  0  0  0  0  0  0  0  0  1  1  1  15.4745786325
3.5  0  0  0  0  0  0  0  0  0  0  0  0  0  0  0  0  0  0  0  0  0  0  0  0  0  0  0  0  0  0  0  0  16.7349137802
3.5  0  0  0  0  0  0  0  0  1  1  1  1  1  1  1  1  1  0  0  0  0  0  0  0  0  0  0  0  0  0  0  1  15.5375962604
3.5  0  0  0  0  0  0  0  0  0  0  0  0  0  0  0  0  1  1  1  1  1  1  1  0  0  0  0  0  0  0  0  0  16.1680803044
3.5  1  1  1  0  1  0  0  0  0  0  0  0  0  1  1  1  1  1  1  1  1  1  1  1  1  1  0  1  1  1  1  1  15.9402082959
3.5  0  0  0  0  0  0  0  0  0  0  0  0  0  1  1  1  1  1  1  1  0  0  0  0  0  1  1  1  1  1  1  1  16.3969411801
3.5  1  1  1  0  0  0  0  0  0  0  0  0  0  0  0  0  0  0  0  0  0  0  0  0  0  0  0  0  0  0  0  0  16.9193846775
3.5  0  0  0  0  0  0  0  0  0  0  0  0  0  0  0  0  0  1  1  1  1  1  0  0  0  0  1  1  1  1  1  1  16.7835727615
3.5  1  1  1  1  1  1  1  0  1  1  1  0  0  1  1  0  0  0  0  0  0  0  0  0  0  0  0  0  0  0  0  0  17.5877896403
3.5  0  0  0  0  0  0  1  0  0  0  0  0  1  0  0  0  0  1  1  1  1  1  1  1  1  1  1  1  1  1  1  1  17.6106077673
3.5  1  0  0  0  0  0  0  0  0  0  0  0  0  0  0  0  0  0  0  0  0  0  0  0  0  0  0  0  0  1  1  1  15.6950301475
3.5  0  0  1  1  1  1  1  1  1  1  0  0  1  1  1  1  1  1  1  1  1  1  1  1  0  0  0  0  0  0  0  1  15.1827369091
3.5  1  1  1  1  1  1  1  1  1  1  1  1  1  1  1  1  1  1  1  1  1  1  1  1  1  0  0  0  0  0  1  1  15.2751856811
3.5  1  0  0  0  0  0  0  0  0  0  0  0  0  0  0  0  1  1  1  1  1  1  1  1  1  1  1  1  0  0  0  0  16.6476129939
3.5  0  0  0  1  1  1  1  1  1  1  1  1  1  1  1  0  0  0  0  0  1  1  0  0  0  0  0  0  0  1  1  1  15.4804889856
3.5  0  0  0  1  1  0  0  1  1  1  1  1  0  0  0  0  0  0  0  0  0  0  0  0  0  0  0  0  0  0  0  0  16.6162644108
3.5  0  0  0  0  0  0  1  1  1  0  0  0  1  1  1  1  1  1  1  1  1  1  1  1  1  1  1  1  1  1  1  1  16.5646325825
3.5  1  1  1  1  1  1  1  1  1  1  1  1  0  0  0  1  1  1  1  1  1  1  1  1  1  1  1  1  1  1  1  1  15.103611914
3.5  0  1  1  0  0  0  0  0  1  1  1  0  0  0  0  0  0  0  0  0  0  0  0  0  0  0  0  0  1  1  1  1  15.3463134633
3.5  0  0  0  0  0  1  1  0  0  0  0  0  1  1  1  1  1  1  1  1  1  1  1  0  0  0  0  0  0  0  0  0  15.501488789
3.5  0  0  0  0  0  0  0  0  0  0  0  1  1  1  0  1  1  1  1  1  1  1  1  1  1  1  1  1  1  1  1  1  17.6643810781
3.5  0  0  0  0  0  0  0  0  1  0  1  0  0  0  0  0  0  0  0  0  0  0  0  0  0  0  0  0  0  0  0  0  16.4826587195
3.5  0  0  0  0  0  0  1  1  1  1  1  1  1  1  1  1  0  0  0  0  0  0  0  0  0  0  1  1  1  1  1  1  15.210485511
3.5  0  0  0  1  1  1  1  1  1  1  1  1  1  1  0  0  0  0  0  0  0  0  0  0  1  1  1  1  0  0  0  0  15.7781600491
3.5  1  0  0  0  1  1  1  1  0  0  0  0  0  1  0  0  0  0  0  0  0  0  0  0  0  0  0  0  0  0  0  0  16.675783695
3.5  0  0  0  0  0  0  0  0  0  0  0  0  1  1  1  0  0  0  0  0  0  0  0  0  0  0  0  0  0  0  0  0  16.2801526984
3.5  0  0  0  1  1  1  1  1  1  1  1  1  1  1  1  0  0  0  0  0  0  0  0  1  1  0  0  0  0  0  0  0  16.5372453246
3.5  1  1  1  0  0  1  1  1  1  1  1  1  1  1  1  1  0  0  1  1  1  1  0  0  0  1  1  1  1  1  1  1  15.0069120448
3.5  1  0  0  0  0  0  0  0  0  0  0  0  0  0  1  1  1  1  1  1  1  1  1  1  1  1  1  1  1  1  1  1  17.9662036219
3.5  1  1  1  1  1  1  1  0  1  1  1  1  1  1  1  1  1  1  1  1  1  1  1  1  1  1  1  0  0  0  0  0  15.1890484759
3.5  0  1  1  1  1  0  0  0  0  0  0  0  0  0  0  0  1  1  1  1  0  0  0  0  0  0  0  0  0  0  0  0  16.0871669758
3.5  0  1  1  0  1  1  0  1  1  0  1  0  1  1  1  0  1  0  0  1  0  1  0  1  0  1  0  1  0  0  1  1  15.0992931487
3.5  0  1  1  1  1  1  1  0  1  0  0  1  1  0  0  1  1  1  0  0  0  1  0  1  1  0  1  0  0  0  0  0  15.6229986783
3.5  1  1  1  0  1  0  0  0  1  0  0  0  0  0  1  1  0  1  1  1  1  0  1  1  1  0  1  1  0  0  1  0  15.2248412733
3.5  0  1  0  0  0  1  0  0  1  0  1  0  1  0  1  0  0  0  1  1  1  0  1  1  0  0  0  0  1  1  0  0  15.3837528846
3.5  0  1  0  1  0  1  1  1  0  1  1  1  1  0  1  1  0  0  0  0  0  0  0  1  1  1  0  0  1  1  0  0  15.3344841483
3.5  0  0  1  0  1  0  1  1  0  1  0  1  1  1  0  1  0  0  1  0  1  1  1  0  0  0  1  0  1  0  1  1  15.1073525689
3.5  0  1  1  0  0  1  1  0  0  1  1  0  1  0  0  0  0  1  0  0  0  0  1  0  0  0  1  1  1  0  1  1  15.1859580287
3.5  0  1  0  0  0  0  0  1  0  0  0  0  1  1  0  0  1  0  0  0  0  1  1  0  1  1  1  0  1  0  0  1  15.4649291633
3.5  1  0  0  0  1  0  0  1  1  1  0  0  0  1  0  1  0  0  0  0  1  1  1  1  1  1  0  0  0  0  0  1  15.2837044725
3.5  0  1  0  0  0  1  0  1  0  1  0  1  1  0  1  0  0  1  0  0  1  0  0  0  1  0  0  1  0  1  1  0  15.3020351796
3.5  0  1  1  0  1  0  0  0  0  1  0  1  0  1  1  0  1  1  1  0  1  0  1  0  1  0  0  0  0  0  0  0  15.4904600056
3.5  1  0  1  1  1  0  1  1  0  0  1  0  0  1  0  1  0  0  1  1  1  0  1  0  1  1  1  1  0  1  1  0  15.0462786225
3.5  1  1  0  1  1  0  0  1  0  0  1  0  0  0  0  1  0  0  0  1  1  0  1  1  1  1  0  1  0  1  0  0  15.2852283713
3.5  0  0  1  0  1  0  1  1  1  1  0  1  1  1  0  1  1  1  1  0  1  1  1  0  1  1  0  0  0  1  0  0  15.0556493231
3.5  0  1  1  0  1  0  1  0  1  1  0  0  1  1  1  1  1  0  0  0  1  0  1  0  1  0  0  1  0  1  0  0  15.294606794
3.5  0  0  0  1  1  1  1  0  1  1  0  0  1  0  0  1  0  1  0  1  0  1  0  1  1  0  0  1  1  0  0  1  15.1636104605
3.5  0  1  1  0  1  0  1  1  1  0  1  0  0  0  1  0  0  1  1  1  0  1  1  0  0  1  0  1  1  0  1  1  15.0527089828
3.5  1  0  0  0  1  0  1  0  1  1  0  0  0  0  1  0  0  1  0  1  0  1  1  1  0  1  1  1  1  1  1  0  15.2017454444
3.5  0  0  1  0  1  0  1  0  1  0  1  0  0  0  1  1  1  1  1  0  0  0  1  1  0  0  1  1  0  0  0  0  15.3285553984
3.5  0  0  1  1  1  0  1  1  0  1  1  0  1  0  1  0  0  1  1  0  0  0  0  0  1  1  1  1  1  1  1  0  15.06447245
3.5  1  1  1  0  0  1  1  1  1  0  1  0  0  1  0  1  1  1  1  0  0  1  0  1  0  0  0  1  1  1  0  0  15.2659704657
3.5  1  1  0  0  1  0  0  0  0  1  1  0  1  1  0  0  1  0  0  0  0  0  0  0  0  1  1  0  1  0  0  0  15.6903611109
3.5  0  0  1  0  1  0  0  0  0  1  1  0  1  0  1  1  1  0  0  0  1  1  0  0  0  1  1  0  0  0  0  1  15.3184731848
3.5  1  0  0  1  1  0  1  0  1  1  0  1  0  1  0  1  0  1  0  1  1  0  1  0  0  0  1  0  0  1  1  1  15.0888435436
3.5  1  1  0  0  1  0  1  1  0  0  0  1  1  0  1  1  0  1  0  0  0  0  0  1  1  1  0  1  1  1  1  1  15.0514789415
3.5  1  1  0  1  0  0  0  0  1  0  1  0  0  1  1  0  1  0  1  0  1  1  1  1  0  0  0  0  1  0  1  0  15.2904093496
3.5  1  1  0  1  1  0  0  1  0  0  0  1  0  1  0  0  1  1  1  1  0  1  0  1  1  1  0  0  0  0  0  1  15.231252239
3.5  0  0  1  1  0  0  0  1  0  1  0  0  0  0  1  1  0  0  1  1  1  1  1  0  0  0  1  1  1  1  0  1  15.2499109825
3.5  0  1  0  1  0  1  0  1  0  0  0  0  1  1  0  1  1  0  0  1  1  1  1  1  1  1  1  1  1  1  1  0  15.3574768407
3.5  1  1  1  0  1  1  1  0  0  1  0  0  0  1  1  1  0  1  0  1  1  0  0  0  0  1  1  0  1  1  0  1  15.1383290187
3.5  0  1  1  1  1  1  1  0  1  0  0  1  0  1  0  1  1  0  0  0  1  1  0  0  0  1  0  1  0  0  0  0  15.7627192752
3.5  0  0  0  0  0  0  1  0  0  0  0  1  0  0  0  0  1  0  0  1  1  0  0  1  1  0  1  0  1  1  0  0  15.7074538553
3.5  0  0  1  0  0  1  0  1  1  1  0  0  0  0  1  1  0  0  0  1  0  0  0  1  0  1  0  1  1  0  0  1  15.2775490497
3.5  1  1  0  1  0  1  1  1  1  0  1  0  0  0  1  0  1  1  1  0  1  0  0  0  1  0  1  0  0  0  1  0  15.4657356213
3.5  0  1  1  1  1  1  1  1  1  0  1  0  1  0  0  0  0  1  0  1  0  0  0  0  1  0  1  1  1  1  1  0  15.2794970333
3.5  0  1  1  0  1  1  1  1  1  0  0  1  0  0  0  1  0  1  1  1  1  1  1  1  0  0  1  1  1  1  1  1  15.0002727363
3.5  0  1  0  0  0  0  1  1  0  1  0  0  0  1  0  0  0  0  0  0  1  0  1  1  1  1  1  1  1  1  1  0  15.3654882079
3.5  1  0  0  0  0  0  1  1  0  0  1  1  0  1  0  1  1  1  1  0  1  1  0  1  0  1  0  1  0  1  1  1  15.2328566943
3.5  0  0  0  1  0  0  1  0  0  0  1  0  0  1  1  1  0  1  0  0  0  1  0  0  1  0  0  1  0  0  1  1  15.3369401678
3.5  1  0  1  0  1  1  1  1  0  1  0  0  0  1  0  1  1  1  1  0  1  0  0  1  1  1  1  1  0  0  0  1  15.0520535759
3.5  0  1  1  1  1  1  0  0  1  1  1  0  1  0  1  1  1  0  1  1  0  0  0  1  1  0  0  0  0  0  1  1  15.2498450474
3.5  1  0  0  1  1  1  1  1  0  0  1  0  0  0  1  1  1  0  1  1  1  1  0  0  1  0  0  1  1  0  1  0  15.1527004396
3.5  1  1  0  0  1  0  1  0  0  0  0  0  0  1  0  0  0  1  1  0  1  1  1  1  0  0  1  0  0  1  1  0  15.2958454605
3.5  1  1  0  0  1  1  0  1  0  0  1  1  1  1  1  1  1  0  0  0  0  0  0  1  1  0  0  1  1  0  1  1  15.0956356975
3.5  1  1  0  0  1  1  0  0  0  1  0  0  0  1  1  0  0  1  0  1  1  1  0  0  0  1  1  0  0  1  1  0  15.2817300504
3.5  0  1  1  1  0  0  0  1  1  0  0  1  1  0  0  0  0  0  0  1  0  1  1  1  1  0  0  0  1  0  1  0  15.3438326791
3.5  1  0  1  0  1  1  0  0  1  1  1  1  0  0  1  1  1  0  1  0  1  1  1  1  0  0  0  1  0  0  0  1  15.1461723291
3.5  0  1  1  1  0  1  1  0  1  1  0  0  0  0  1  1  1  1  0  0  0  1  0  0  1  0  1  1  1  1  0  1  15.068076478
3.5  0  0  1  0  0  1  1  1  0  0  1  1  1  1  0  1  1  0  1  0  0  1  0  1  1  0  1  1  1  1  1  0  15.0804311179
3.5  1  1  1  1  1  1  1  1  0  0  0  0  1  0  0  0  0  0  0  0  1  1  1  1  0  1  0  0  0  0  1  1  15.5117221873
3.5  1  1  1  0  0  0  0  1  1  1  1  0  0  1  1  1  0  1  0  1  1  0  1  1  0  0  0  0  1  0  0  1  15.2115595687
3.5  0  1  1  0  1  1  1  0  1  0  1  0  0  0  1  1  0  0  1  0  1  0  1  1  0  1  1  0  1  0  1  1  15.0418244208
3.5  0  0  0  1  0  0  0  0  1  0  1  0  1  0  0  0  1  0  0  1  1  1  1  1  1  1  1  1  0  0  1  0  15.5331159957
3.5  1  0  0  0  1  1  0  1  1  0  0  1  1  0  0  0  1  1  0  0  0  0  0  1  0  0  1  1  0  0  1  1  15.2532073425
3.5  0  1  1  0  0  0  1  1  0  0  0  0  0  1  1  0  0  0  1  0  1  0  1  1  1  0  0  1  0  1  1  0  15.2766860545
3.5  1  0  0  1  0  0  0  0  1  0  1  0  0  0  1  0  0  0  0  1  1  0  0  0  1  1  1  1  1  1  0  0  15.3507364185
3.5  1  0  0  0  1  1  1  0  0  1  0  1  1  0  1  0  1  1  0  0  0  1  1  0  1  1  1  1  0  1  1  1  15.0536066578
3.5  0  0  0  0  0  0  1  1  1  1  0  1  1  0  0  1  0  0  0  1  0  1  0  1  0  0  1  1  1  0  0  1  15.2705223
3.5  1  1  0  1  1  1  0  0  0  1  0  1  0  1  0  0  1  1  1  0  0  1  1  1  0  1  1  1  1  1  0  0  15.0677554084
3.5  1  0  1  1  0  0  0  1  1  1  1  0  1  1  1  1  1  0  1  0  1  0  1  1  1  0  1  0  0  0  0  1  15.0834219371
3.5  1  0  1  0  1  1  0  0  1  1  0  0  0  1  1  1  1  1  1  0  0  0  0  1  0  0  0  0  1  1  1  0  15.2253892268
3.5  1  1  1  1  1  0  0  1  1  0  0  1  1  0  0  1  1  1  0  1  1  1  1  1  0  0  1  0  1  0  1  0  15.1221412245
3.5  0  1  1  0  0  1  0  0  1  0  1  0  1  1  1  0  1  1  0  0  0  1  0  0  1  1  0  1  0  1  1  0  15.1848602483
3.5  1  0  0  1  1  1  1  0  1  0  0  1  0  1  0  1  1  0  1  1  1  1  0  1  0  1  0  1  0  1  0  1  15.0479466604
3.5  1  0  1  1  1  0  1  1  1  0  0  1  1  1  0  0  0  0  0  0  0  0  0  1  1  1  1  1  0  1  1  1  15.0698534684
3.5  1  1  0  0  1  1  1  1  0  0  0  1  1  1  1  0  0  0  0  0  1  1  0  0  1  1  1  0  0  0  0  0  15.5403768613
3.5  0  0  1  1  1  0  0  0  0  1  1  0  1  1  1  0  1  1  1  1  1  1  0  0  0  1  1  1  1  1  1  1  15.2264317298
3.5  0  0  0  0  0  1  0  1  1  1  1  1  1  0  1  1  1  1  0  0  0  1  1  1  1  0  0  1  1  1  1  1  15.2927175617
3.5  0  0  0  0  0  0  0  0  0  0  0  0  1  1  0  0  1  1  1  1  0  1  1  1  1  1  1  1  1  1  1  1  17.6128267726
3.5  0  1  1  0  0  0  0  1  1  1  1  1  1  0  1  0  1  1  1  0  0  0  0  1  0  0  0  0  0  0  0  0  15.7609485008
3.5  0  0  1  1  1  1  1  1  1  1  1  1  1  0  0  1  0  0  0  1  1  1  0  0  0  0  0  0  1  1  1  1  15.2762447551
3.5  0  0  0  0  1  1  0  1  1  1  1  1  0  0  0  1  1  0  0  0  0  1  1  0  0  1  0  0  0  1  0  0  15.4410325528
3.5  0  0  0  0  0  0  1  1  1  0  0  0  0  0  0  0  0  0  0  0  1  0  0  0  0  1  1  0  0  0  0  0  15.9453597898
3.5  0  0  1  1  0  1  0  0  0  1  1  1  1  1  0  0  1  1  0  0  0  0  1  0  1  1  1  1  1  0  0  1  15.1035623961
3.5  1  1  1  0  1  0  0  0  0  0  0  1  1  1  1  0  1  1  1  1  0  0  1  1  1  1  1  1  0  1  0  0  15.1820982752
3.5  0  0  0  0  1  0  0  0  0  0  0  0  0  1  1  1  1  0  0  1  1  1  1  1  1  1  1  1  1  1  1  1  17.1638486657
3.5  1  1  1  1  1  1  0  0  0  1  1  1  1  1  0  0  1  1  0  0  1  1  0  0  1  1  1  1  1  1  1  1  14.9867115337
3.5  1  1  1  0  0  0  1  1  0  0  1  1  1  0  0  0  0  0  0  0  0  0  0  0  1  1  1  0  0  0  0  0  15.9408443873
3.5  1  0  0  0  0  1  1  1  1  1  1  1  1  1  0  1  1  1  0  1  1  1  1  1  1  1  0  0  0  0  0  1  14.9955448856
3.5  1  1  1  1  1  1  1  1  1  0  0  1  1  0  1  1  1  1  1  1  1  1  0  1  0  0  0  0  0  0  0  1  15.6277613359
3.5  0  0  0  0  1  1  1  0  1  1  1  1  0  1  1  1  1  1  1  1  0  0  0  0  0  1  1  0  1  0  1  1  15.0382990356
3.5  0  0  0  1  1  0  1  1  0  1  0  0  1  1  1  1  0  1  1  0  0  1  1  1  1  0  0  0  0  0  1  1  15.1138079868
3.5  1  1  1  1  1  0  0  0  0  0  0  1  1  0  0  0  0  0  0  0  0  0  0  0  0  1  1  1  1  0  0  0  15.8160260159
3.5  0  0  0  0  0  0  0  1  1  1  1  1  1  1  1  1  0  1  1  1  0  0  1  1  0  0  0  0  1  1  0  1  15.2480351113
3.5  0  0  0  1  1  1  1  1  1  1  1  1  0  0  1  1  0  0  0  1  1  1  1  1  0  0  0  0  0  0  0  1  15.3496150249
3.5  1  1  1  1  1  0  1  1  1  1  1  1  1  1  0  1  1  0  0  1  1  1  1  1  1  1  1  1  1  1  1  1  15.0777064757
3.5  0  1  1  1  1  1  1  1  0  1  0  0  0  1  1  1  1  1  1  1  1  1  0  1  1  0  0  0  0  1  1  1  15.020126106
3.5  1  0  0  0  1  1  1  1  1  0  0  1  1  1  0  0  0  1  1  0  0  0  0  0  0  0  0  0  0  1  1  1  15.4030494482
3.5  1  1  1  1  1  1  1  1  1  1  0  0  1  1  1  1  1  1  0  0  0  1  0  0  0  0  1  1  0  1  1  0  15.5833898788
3.5  0  0  0  0  1  1  0  0  0  0  1  1  1  0  1  1  1  1  1  1  1  1  1  1  1  1  1  1  1  1  0  1  16.0285892646
3.5  0  1  1  1  1  1  1  0  0  1  1  1  1  1  1  0  0  0  1  1  1  1  0  1  1  1  1  1  1  0  0  0  15.0279406834
3.5  0  0  1  1  1  0  0  0  0  0  0  0  1  1  1  0  0  1  1  1  1  1  1  1  1  1  1  1  0  0  1  0  15.3899721176
3.5  1  1  1  1  0  1  1  1  1  1  0  0  1  1  0  0  1  1  0  0  0  1  1  1  0  1  0  0  1  1  1  1  15.0963867617
3.5  1  1  0  1  1  0  0  0  0  0  1  1  1  1  1  1  0  0  0  0  0  0  1  1  1  0  1  1  1  1  0  0  15.1554664432
3.5  0  0  0  1  0  0  0  0  0  1  1  1  1  1  0  0  0  0  0  0  1  0  0  1  0  0  0  1  1  1  1  0  15.3422369901
3.5  1  1  1  1  0  0  0  0  0  0  0  1  0  1  1  1  1  1  1  1  1  1  1  1  1  1  1  1  1  1  1  0  15.6918322556
3.5  1  1  1  1  1  1  1  1  1  1  1  0  0  0  0  0  0  1  1  1  1  0  0  0  0  1  0  0  1  1  1  1  15.4078174299
3.5  0  0  1  1  0  0  1  1  0  1  1  1  1  1  1  1  0  1  1  0  0  0  0  0  1  1  1  1  1  1  1  1  15.0546973984
3.5  1  1  1  1  0  0  0  1  0  0  1  0  1  1  0  0  0  1  1  1  1  1  1  1  1  1  0  0  0  1  1  1  15.0694758985
3.5  1  1  1  1  1  1  1  1  1  0  0  0  0  1  0  0  0  0  0  1  1  1  1  0  1  1  0  0  1  1  0  0  15.4642636934
3.5  0  0  0  0  1  0  0  0  0  0  1  1  1  0  1  1  0  1  1  1  1  0  1  1  1  1  0  1  1  1  0  1  15.8208625206
3.5  0  0  0  1  1  1  1  1  0  1  1  1  1  0  0  0  0  0  0  0  1  0  1  0  1  1  0  0  1  1  1  0  15.2186997102
3.5  0  1  1  0  0  0  0  0  0  0  1  0  1  1  0  0  0  0  0  1  1  1  1  1  0  1  1  0  0  0  0  0  15.4817969362
3.5  0  0  0  0  0  0  1  1  1  1  1  1  1  1  1  1  1  1  0  0  0  0  0  0  0  0  0  0  0  0  0  0  16.193719139
3.5  0  0  0  1  0  0  0  1  1  0  0  0  0  0  0  0  0  1  1  1  1  1  1  0  0  0  1  0  0  0  0  0  15.5934861476
3.5  1  1  1  0  1  1  1  1  1  0  0  0  0  1  0  0  0  0  0  1  1  1  1  1  1  1  0  0  1  0  1  1  15.0859202332
3.5  1  1  0  1  1  1  0  1  0  0  0  1  1  1  0  1  1  1  0  0  0  0  0  0  0  0  0  0  1  0  1  0  15.786177711
3.5  1  0  0  0  0  0  1  1  1  1  1  1  0  1  1  1  1  1  1  0  0  0  1  1  1  1  0  1  1  0  1  1  15.1288973075
3.5  1  1  0  0  0  0  0  0  1  0  0  0  0  1  0  0  1  1  1  1  1  0  0  0  0  1  0  1  1  1  1  1  15.3681318836
3.5  1  0  1  0  0  0  0  0  0  0  0  0  0  0  0  0  0  0  0  1  0  0  0  1  1  1  1  1  1  1  1  1  16.7158977717
3.5  1  1  1  1  1  1  0  0  1  1  1  1  1  0  1  0  0  0  0  0  0  1  1  1  0  0  0  0  0  0  0  1  15.9818541924
3.5  1  1  1  1  0  0  1  0  0  0  0  0  0  1  0  1  1  1  1  1  0  0  1  0  1  1  1  1  1  0  0  1  15.1619302256
3.5  0  0  1  1  1  1  1  0  1  0  0  0  0  0  1  0  0  1  0  0  1  1  1  0  0  1  0  0  1  1  1  0  15.2366282146
3.5  1  1  1  1  1  1  1  0  0  0  0  0  1  1  1  1  1  1  0  0  1  1  1  0  0  1  0  1  1  1  1  1  14.9946565899
3.5  0  0  0  1  1  0  0  1  1  0  0  0  1  0  0  1  0  1  1  1  1  0  0  0  0  1  0  0  0  0  0  1  15.4246771737
3.5  1  1  0  0  1  1  1  1  1  0  1  1  1  1  1  0  1  0  0  0  0  1  1  1  1  0  0  1  0  1  1  0  15.1533778261
3.5  1  0  0  0  0  1  1  1  1  1  0  0  0  1  1  1  1  1  0  0  0  0  1  0  0  0  0  0  0  1  0  1  15.3331889476
3.5  1  0  1  1  1  1  1  0  1  0  0  0  1  1  1  0  0  0  0  1  1  1  1  1  0  1  1  1  0  1  1  1  14.9737156762
3.5  1  1  1  0  0  1  1  0  1  0  1  1  0  0  0  1  1  1  0  0  0  0  0  0  0  0  0  0  0  0  1  0  16.1206032035
3.5  1  1  1  1  0  1  1  0  1  0  0  0  0  0  1  1  0  0  0  0  0  0  0  0  0  0  0  1  0  0  1  1  15.8162996287
3.5  1  1  1  0  1  1  1  0  1  0  0  1  1  1  0  0  0  0  0  0  0  0  0  0  0  0  0  0  0  1  1  1  15.7965520784
3.5  1  1  1  1  0  0  0  0  0  0  0  1  1  1  1  1  1  0  1  0  1  0  1  0  0  0  0  1  1  0  1  1  15.1368959126
3.5  1  1  0  0  1  1  1  0  1  1  1  0  0  0  1  1  0  0  0  0  1  0  1  1  1  1  1  1  1  1  1  0  14.9969299702
3.5  0  0  0  0  0  1  1  0  0  0  0  0  0  0  0  1  1  1  1  1  1  1  0  0  0  0  0  0  0  0  0  0  15.6958510086
3.5  0  1  1  1  0  0  0  0  0  1  1  0  0  0  0  0  0  1  1  0  1  0  0  0  0  0  0  1  1  1  1  1  15.1665940936
3.5  1  1  1  1  1  1  0  0  0  0  0  0  0  1  1  1  1  1  1  1  1  1  0  1  1  1  1  1  1  1  1  0  15.1686323959
3.5  0  0  1  0  0  0  0  1  0  0  0  0  0  1  1  0  0  1  1  1  0  1  0  0  0  0  0  1  1  0  0  0  15.5984933055
3.5  1  1  1  0  1  1  1  1  1  1  1  1  1  1  0  1  1  0  0  0  0  1  1  0  1  1  0  0  0  0  0  0  16.165172378
3.5  1  1  1  1  1  1  1  1  1  1  1  0  0  0  0  0  0  0  0  0  0  0  0  0  0  0  0  0  0  0  0  0  18.0323497306
3.5  0  0  0  0  0  0  0  0  0  0  0  0  1  1  1  1  1  1  1  1  1  1  1  0  0  0  0  0  0  0  0  0  16.0469791173
3.5  0  0  0  0  0  0  0  0  0  0  0  0  0  0  0  0  1  0  0  0  0  1  0  0  0  0  0  0  0  0  1  1  15.9690947875
3.5  0  0  0  0  0  0  0  0  0  0  0  0  0  0  0  0  0  1  1  1  1  1  1  1  1  1  1  1  1  1  1  0  17.9600159878
3.5  0  0  1  1  1  1  1  1  1  1  1  1  1  1  1  1  1  1  1  1  1  1  1  0  0  0  0  0  0  0  0  0  16.7513276402
3.5  0  0  0  1  0  0  0  0  0  0  0  0  0  0  0  1  1  1  1  1  0  0  0  0  0  0  0  0  0  0  0  0  15.950010901
3.5  1  1  1  1  1  1  1  1  1  1  1  1  1  1  1  1  1  1  1  1  1  1  1  1  1  1  1  1  1  1  1  1  15.2875022038
3.5  0  0  0  0  0  0  0  0  0  0  0  0  0  0  0  0  0  0  1  1  1  1  1  0  0  0  1  1  1  0  0  0  16.2004612297
3.5  0  0  0  0  1  1  1  1  1  0  0  0  0  0  1  0  0  0  0  0  0  0  0  0  0  0  0  0  0  0  0  0  16.5200589333
3.5  1  1  1  1  1  0  0  0  0  0  0  0  1  1  1  1  1  1  1  1  1  1  1  1  1  1  1  1  1  0  0  0  15.2525345376
3.5  0  1  1  1  1  0  0  0  1  1  1  1  1  1  1  1  1  1  1  1  1  1  1  0  0  0  0  0  0  0  0  0  15.6734925592
3.5  1  1  1  1  1  1  1  1  1  1  1  1  1  1  1  0  0  0  1  1  1  0  0  1  1  1  1  1  1  1  1  1  15.1040742428
3.5  1  1  1  1  1  1  1  1  1  1  1  1  1  1  1  1  1  1  1  1  1  0  0  0  0  0  0  0  0  0  0  0  17.4131763315
3.5  0  0  0  0  0  0  0  0  0  0  0  0  0  0  0  0  0  0  0  0  0  0  0  0  0  1  1  0  0  0  0  0  16.3759785474
3.5  1  1  1  1  1  1  1  0  0  0  0  0  0  0  0  1  1  1  0  0  0  0  0  0  0  0  0  0  0  0  0  0  16.7960276481
3.5  1  1  1  1  1  1  1  1  1  1  1  1  1  1  1  1  1  1  1  1  1  1  0  0  0  0  0  0  0  0  0  0  17.2352979693
3.5  0  1  1  1  0  0  0  0  1  1  1  1  1  1  1  1  1  1  1  1  1  1  1  1  1  1  1  1  1  1  1  1  15.6855815915
3.5  1  1  1  1  1  1  1  0  0  0  0  0  0  0  0  0  0  0  0  0  0  0  0  0  0  0  0  0  0  0  0  0  17.4743217408
3.5  1  1  1  1  1  1  1  1  1  1  0  0  0  0  0  0  0  1  1  1  1  1  1  1  1  0  0  0  0  0  0  0  15.7603592945
3.5  1  1  1  1  1  1  0  0  0  0  0  0  0  0  0  0  0  0  0  0  1  1  1  1  1  1  1  1  1  1  1  1  14.9354463967
3.5  1  1  1  1  1  1  1  1  1  1  1  1  0  0  0  0  1  0  0  0  0  1  1  1  1  1  1  1  1  1  1  0  15.184875849
3.5  0  0  0  0  0  0  0  0  0  1  1  1  1  1  0  0  0  0  0  0  0  0  0  1  1  0  0  0  0  0  0  0  15.8199039927
3.5  0  0  0  0  1  1  1  0  0  0  0  0  0  0  0  0  0  0  0  1  1  1  1  1  1  1  1  1  1  0  0  0  15.5879112998
3.5  1  1  1  1  1  1  1  1  1  1  1  1  1  1  1  1  1  1  1  1  1  1  1  1  1  1  1  1  1  1  1  1  15.2919110162
3.5  0  0  0  0  0  0  0  0  0  0  0  0  0  0  0  0  0  0  0  0  0  0  0  0  0  0  0  0  0  0  0  0  16.7129330715
3.5  0  0  0  0  0  0  0  0  0  1  1  1  1  1  1  1  1  1  1  1  0  0  1  1  1  0  0  0  0  0  0  0  15.5457278924
3.5  0  0  0  0  0  0  0  0  0  0  1  1  1  1  1  0  1  0  0  0  0  1  1  1  1  1  1  1  1  1  1  1  16.4199189388
3.5  1  1  1  1  1  1  0  0  0  0  0  0  0  0  0  0  0  0  0  0  1  1  0  0  1  1  1  0  0  1  0  0  15.7536935401
3.5  0  0  0  0  0  0  0  0  0  0  0  0  0  1  1  1  1  0  0  0  0  1  1  1  1  1  1  1  0  1  1  1  16.7601017813
3.5  0  0  0  0  0  0  0  0  0  0  0  0  0  1  1  1  0  0  0  0  0  0  0  0  0  0  1  1  1  0  0  0  15.9545902134
3.5  1  1  1  1  0  0  0  0  0  0  0  0  0  0  0  1  1  1  1  1  1  1  1  1  1  0  0  0  0  0  0  0  15.6299658187
3.5  0  0  0  0  0  0  0  0  0  0  0  0  0  0  1  1  1  1  1  1  1  1  1  1  1  1  1  1  1  1  1  1  18.3128021358
3.5  1  1  1  1  1  1  1  1  1  1  0  0  0  0  0  0  0  0  0  0  0  0  1  1  1  1  0  0  1  1  1  1  15.2950176357
3.5  0  0  1  1  1  1  1  1  1  1  1  1  1  1  0  1  1  1  1  1  0  0  0  0  1  1  0  0  0  0  0  0  16.0970466215
3.5  1  1  1  1  1  1  1  0  0  0  0  0  0  0  0  0  0  0  1  0  0  0  1  1  1  0  0  0  0  0  0  1  15.9979428009
3.5  0  0  0  0  0  0  0  0  0  0  0  0  0  0  0  0  0  0  0  0  0  0  1  1  1  1  1  1  1  0  0  0  16.3733753114
3.5  1  1  1  1  1  1  1  0  0  0  0  0  0  0  0  0  0  0  0  1  1  1  1  1  1  1  1  1  1  1  1  0  14.9772964965
3.5  0  0  0  0  0  0  0  0  1  1  1  1  1  0  0  0  0  1  1  1  1  1  1  1  1  1  0  0  0  0  0  0  15.4789712008
3.5  0  0  0  0  0  0  0  0  0  0  1  1  1  1  1  1  1  1  1  1  1  1  1  1  1  1  1  1  1  1  1  1  17.465465895
3.5  0  0  0  0  0  0  0  0  0  0  0  0  1  1  1  1  1  1  1  0  0  0  0  0  0  0  0  1  1  1  0  0  15.7208582178
3.5  0  0  1  1  0  0  0  0  0  0  0  0  0  0  0  0  0  0  0  0  1  1  1  1  0  0  0  0  0  0  0  0  15.9875819411
3.5  0  0  0  0  0  0  0  0  0  0  0  0  0  0  0  0  0  1  1  1  1  1  1  1  0  0  0  0  0  0  1  1  16.1879771778
3.5  1  1  1  1  1  1  1  1  1  1  1  1  1  1  1  1  1  1  0  0  0  0  0  0  0  0  0  0  0  0  0  0  18.376487557
3.5  0  0  0  0  0  0  0  0  0  0  1  1  1  1  1  1  1  1  1  1  1  1  1  1  1  0  0  0  0  0  0  0  15.8736370392
3.5  1  1  1  1  1  1  1  1  1  1  1  1  1  1  1  1  1  1  1  1  1  1  1  1  1  0  0  0  0  0  0  0  16.5353369409
3.5  1  1  0  0  0  0  0  0  0  0  1  1  1  1  1  1  1  1  1  1  1  1  0  0  0  0  0  0  0  0  0  0  15.5308406184
3.5  0  0  0  0  0  0  0  1  1  0  1  1  1  1  1  0  0  1  1  1  0  0  0  0  0  0  0  0  0  0  0  0  15.6225736058
3.5  1  1  1  1  1  1  1  1  1  1  0  0  1  1  1  1  1  1  0  1  1  1  1  1  1  1  1  1  1  1  1  1  15.1022685998
3.5  0  0  0  0  0  0  0  0  0  0  0  1  0  0  0  0  0  0  0  0  1  1  1  1  1  1  1  1  1  1  0  1  17.3451721572
3.5  1  1  0  0  0  0  0  0  0  0  0  0  0  0  0  0  0  0  0  0  0  0  0  0  0  0  0  0  0  0  0  0  16.8062047147
3.5  1  1  1  1  1  1  0  1  1  1  1  1  0  1  1  1  1  1  1  1  1  1  0  0  0  0  1  0  1  1  1  1  15.0989031375
3.5  0  1  0  0  0  1  1  1  1  1  1  1  1  0  0  0  0  0  0  0  1  1  1  1  1  1  1  1  1  0  0  0  15.1303177038
3.5  1  1  1  1  0  0  0  0  0  0  0  0  0  0  0  0  1  1  1  1  1  1  1  1  1  1  1  1  1  0  0  0  15.7784093724
3.5  0  0  0  0  0  0  1  1  1  1  1  1  1  1  1  0  0  0  1  1  0  1  0  0  1  1  1  1  1  1  1  1  15.3545703651
3.5  1  1  1  1  1  1  1  1  1  1  1  1  0  0  0  0  0  0  0  0  0  0  0  0  1  0  0  0  0  0  0  0  17.7519212347
3.5  1  1  1  1  1  1  1  1  1  1  1  1  1  1  0  0  1  1  1  1  1  1  1  0  0  0  0  0  1  1  1  1  15.2945641016
3.5  0  0  0  0  0  0  0  0  0  0  0  0  1  1  1  0  0  0  0  0  0  1  1  1  1  1  1  1  1  1  1  1  17.1068819454
3.5  0  1  1  1  1  1  1  1  1  1  1  1  1  1  1  1  1  0  0  0  0  0  0  0  0  0  1  1  1  1  1  1  15.5903626955
3.5  0  0  0  0  0  0  0  0  0  0  0  0  0  0  0  0  1  1  1  1  1  1  1  1  1  1  1  1  1  1  1  1  18.574337167
3.5  1  1  1  1  1  1  1  1  1  1  1  1  0  0  0  0  0  0  0  0  0  0  0  0  0  0  0  0  0  0  0  0  18.1389235029
3.5  1  1  1  1  0  0  0  0  0  0  1  1  1  1  1  1  1  1  1  1  1  0  0  0  0  0  1  1  1  1  1  1  15.0874972534
3.5  1  1  1  1  0  1  1  1  1  1  1  1  1  1  1  1  1  1  1  1  1  1  1  1  1  1  1  1  1  1  1  1  15.2801386085
3.5  1  0  0  1  1  1  1  1  1  1  0  0  0  1  1  1  1  1  1  1  1  1  1  1  0  0  0  0  0  0  0  0  15.479675048
3.5  0  0  1  1  1  1  1  1  1  1  1  0  1  1  1  1  1  1  1  1  0  0  0  0  0  0  0  0  0  0  0  0  16.9031004455
3.5  0  1  0  0  0  0  0  1  0  1  0  1  0  1  1  1  1  1  1  1  0  0  1  0  1  1  1  0  1  1  0  1  15.3561876076
3.5  1  1  0  0  0  1  0  1  0  1  0  1  0  1  0  1  0  1  1  0  1  1  0  1  0  1  0  0  0  1  1  0  15.2038034797
3.5  1  0  0  0  0  0  0  1  0  0  1  1  1  1  0  0  0  1  1  0  0  1  1  0  0  1  0  0  1  0  0  1  15.3267934158
3.5  1  1  0  1  1  0  1  1  1  0  0  1  0  1  1  0  0  1  1  1  0  0  0  1  1  1  1  0  0  0  1  0  15.257132472
3.5  0  0  0  0  0  1  0  1  1  1  1  1  0  1  1  0  1  0  0  0  1  1  0  1  0  1  0  0  1  0  1  0  15.2360482341
3.5  1  0  1  1  0  1  1  0  1  0  1  0  0  1  0  1  0  0  0  0  0  0  0  0  0  0  1  0  1  0  0  1  15.7868986223
3.5  1  1  0  0  1  0  0  0  0  0  0  0  0  1  0  0  0  1  1  1  0  0  0  0  0  0  1  1  0  1  0  1  15.4356032015
3.5  1  1  0  1  0  0  1  0  0  0  0  0  0  0  1  1  1  1  1  0  1  1  1  0  1  1  0  0  0  1  1  1  15.2457690548
3.5  1  0  0  0  1  0  1  0  0  1  1  0  1  0  1  1  1  1  1  1  0  1  1  1  1  1  0  0  0  1  1  1  15.1455736669
3.5  0  0  0  1  0  0  1  1  1  0  1  0  1  1  0  0  1  0  1  1  0  1  0  1  1  0  0  1  1  1  1  1  15.1430768967
3.5  1  1  0  0  1  1  1  1  1  0  1  0  0  0  1  1  1  1  0  1  0  0  1  0  1  0  1  0  0  1  1  1  15.099803535
3.5  0  0  0  0  0  0  1  0  0  1  1  1  0  1  1  1  1  1  0  1  1  0  1  0  0  0  1  0  0  0  1  1  15.3286732927
3.5  1  0  0  1  1  0  1  0  0  1  1  1  0  1  0  1  0  0  0  0  1  1  0  1  1  0  0  1  0  1  0  1  15.1386143356
3.5  1  1  0  1  1  0  1  0  1  1  0  1  1  1  0  0  1  1  1  0  1  0  1  1  1  1  0  0  0  0  0  1  15.1817255421
3.5  1  1  1  0  1  0  1  1  1  0  0  1  1  0  1  1  1  1  0  1  1  0  1  0  0  0  1  0  0  0  0  1  15.3462333525
3.5  1  0  1  1  0  1  1  0  1  0  0  0  1  1  0  1  1  1  0  0  1  1  0  0  0  1  0  1  1  1  1  1  15.019182649
3.5  0  1  0  1  1  0  0  0  1  0  0  0  1  0  1  0  0  1  1  1  1  0  0  1  1  0  0  0  1  1  0  0  15.3004795416
3.5  1  1  0  1  1  0  0  1  1  1  0  1  0  0  1  0  0  0  0  0  0  1  0  0  1  0  0  0  1  0  1  1  15.4532347112
3.5  1  0  0  0  0  0  1  0  1  0  0  1  0  1  1  0  0  0  0  1  0  1  0  1  1  1  0  1  0  0  1  1  15.2835015402
3.5  1  0  1  1  0  0  0  1  1  1  0  0  1  0  1  1  1  0  0  1  1  0  1  1  1  0  0  1  0  0  1  0  15.1552721168
3.5  1  1  1  1  0  1  0  0  1  0  0  1  1  1  0  1  0  0  0  1  1  0  0  1  0  0  1  1  1  0  1  0  15.2754170755
3.5  1  0  0  0  1  0  1  0  0  0  1  0  0  0  1  0  1  0  1  0  0  0  1  1  0  1  0  1  1  1  0  1  15.2296765532
3.5  0  0  0  0  1  0  1  1  1  1  1  0  1  1  1  1  1  0  1  1  0  0  1  0  0  0  1  1  1  0  0  1  15.1023254106
3.5  0  0  1  0  0  1  0  1  0  1  1  0  1  1  1  1  1  0  1  0  1  0  1  1  1  0  1  1  0  1  0  0  15.1446874966
3.5  1  0  1  1  1  0  0  1  0  0  0  0  0  0  0  0  1  1  0  1  0  1  0  0  1  0  0  0  1  0  0  1  15.5136579461
3.5  1  0  0  0  0  0  1  0  1  0  0  1  0  1  1  0  1  1  1  0  0  1  1  0  1  1  1  1  1  0  1  0  15.3549392742
3.5  0  1  1  0  1  0  1  1  0  0  1  0  0  0  0  1  1  0  1  0  1  1  1  0  1  1  1  0  1  1  1  0  15.0961323738
3.5  1  1  0  1  0  1  1  1  0  0  1  0  1  1  0  1  1  0  1  1  1  1  1  1  0  1  0  0  0  0  0  1  15.1257347523
3.5  1  1  0  1  1  0  0  0  1  1  1  0  0  0  1  1  1  1  0  0  0  1  0  0  1  1  0  1  1  1  1  0  15.1020454573
3.5  1  0  0  1  1  1  0  1  0  0  0  0  0  0  0  0  1  1  1  1  1  0  1  0  1  0  0  1  1  1  0  1  15.1268390478
3.5  1  1  0  0  0  0  0  0  0  1  0  0  0  1  1  0  0  1  0  0  0  1  0  0  0  1  0  1  1  1  0  1  15.3472463838
3.5  0  1  1  0  0  0  1  1  1  1  0  1  1  0  0  0  1  1  0  1  1  1  0  1  0  0  0  0  0  0  1  0  15.3518557747
3.5  0  1  1  1  1  0  0  0  1  0  0  0  0  1  0  0  0  0  1  0  1  1  1  0  1  0  0  0  0  0  0  1  15.5102342026
3.5  0  0  0  0  1  1  1  1  0  1  0  0  0  0  1  0  0  0  1  1  1  1  0  1  0  0  1  1  0  1  1  0  15.2195964188
3.5  1  1  1  1  0  0  0  1  0  1  1  1  0  0  0  1  0  1  1  1  1  1  1  1  1  0  1  1  0  1  0  0  15.0779006245
3.5  0  1  1  1  0  1  0  1  0  0  1  0  1  1  0  1  0  0  1  0  1  1  1  1  1  0  0  0  1  0  1  0  15.1853701805
3.5  0  1  1  1  0  1  0  0  0  1  1  0  1  1  1  1  1  1  1  0  0  0  0  0  1  1  0  1  0  0  0  0  15.3604130219
3.5  1  0  1  1  0  0  0  0  1  0  1  1  0  0  0  0  0  1  0  1  0  1  0  0  0  0  1  0  1  1  0  1  15.321344555
3.5  1  1  0  1  0  0  1  0  0  0  0  1  0  0  1  1  0  1  0  0  1  1  1  0  1  0  0  0  1  1  1  1  15.1365681089
3.5  1  1  0  1  1  1  1  1  0  0  1  0  0  1  0  1  0  0  0  0  1  0  0  1  1  0  1  0  0  1  1  0  15.4435565095
3.5  1  1  1  0  1  1  1  1  1  1  0  0  0  0  1  1  1  1  0  0  0  1  0  0  0  1  1  0  1  0  1  1  15.260406042
3.5  0  1  0  1  1  0  0  0  0  0  1  0  0  1  1  0  1  1  0  0  0  0  1  1  1  0  0  0  0  1  1  1  15.2278409902
3.5  0  1  0  1  1  0  1  1  1  0  0  0  0  0  1  1  0  0  0  0  0  1  1  0  0  0  0  0  0  1  0  1  15.5831435396
3.5  0  1  1  1  1  0  1  0  0  1  0  1  0  0  0  0  0  1  0  0  1  0  0  1  0  0  0  0  1  0  1  1  15.4384072173
3.5  0  1  1  0  1  1  0  1  1  1  1  1  0  1  1  0  0  1  0  1  1  1  0  0  0  1  0  0  1  0  1  0  15.2932134
3.5  1  0  0  1  0  1  0  1  1  1  0  1  1  1  0  0  1  1  1  0  1  0  1  1  1  0  0  0  1  1  1  0  15.0833673823
3.5  1  1  1  0  1  0  1  1  1  1  1  0  1  1  1  1  0  0  1  1  1  0  1  1  1  0  0  0  0  0  0  1  15.2402850835
3.5  1  0  1  0  0  1  1  0  0  0  1  0  1  1  1  0  0  0  0  0  0  1  0  0  0  1  1  0  0  1  0  1  15.360668929
3.5  0  0  1  1  0  0  1  1  0  1  0  0  1  0  0  0  1  0  0  1  1  1  0  1  1  0  0  1  0  0  0  0  15.3948808077
3.5  1  1  0  0  1  0  1  0  0  1  0  1  0  1  1  1  0  0  0  0  1  1  1  0  0  0  0  0  0  0  1  1  15.33417484
3.5  0  0  1  0  1  1  1  1  1  0  1  0  0  1  0  0  1  1  0  1  1  1  1  1  1  1  1  1  1  0  1  1  15.1119858369
3.5  1  1  1  1  0  1  0  0  0  0  1  1  0  1  1  0  1  1  1  1  1  0  0  0  1  1  1  0  1  1  1  0  15.0285878109
3.5  0  1  1  1  1  1  0  1  1  1  0  0  1  0  1  0  0  1  1  1  0  0  0  0  0  0  0  0  1  0  1  1  15.479559446
3.5  0  1  0  0  0  1  0  1  1  0  1  0  0  0  0  1  0  0  0  1  0  0  0  1  0  1  1  0  0  0  1  0  15.4947279941
3.5  1  1  0  0  0  0  1  1  1  0  0  1  0  0  0  1  0  0  1  1  0  0  0  1  0  1  1  0  1  0  1  1  15.1551580962
3.5  0  0  0  1  1  0  0  1  1  1  0  1  0  0  0  1  0  1  0  0  0  1  1  0  1  1  1  1  0  0  1  0  15.2170183781
3.5  1  0  0  1  1  1  0  0  0  0  0  1  0  1  1  0  1  1  1  0  0  1  1  0  0  0  1  1  1  0  0  0  15.2745808728
3.5  0  1  1  1  0  0  1  1  1  0  0  1  0  0  1  1  0  0  1  0  0  0  0  1  1  1  0  1  0  1  1  0  15.2011614108
3.5  1  1  1  1  1  0  1  1  0  0  0  0  0  1  0  1  1  0  1  1  1  1  0  0  0  0  1  0  0  1  1  1  15.1695520196
3.5  1  1  0  0  1  0  0  0  1  1  1  0  0  0  0  0  1  1  1  0  0  0  0  0  0  1  1  1  0  1  0  0  15.4381285496
3.5  0  1  0  1  1  0  0  1  0  1  0  1  1  0  1  1  1  0  0  1  0  0  0  0  1  0  1  0  1  0  1  1  15.1626180058
3.5  0  0  0  0  1  0  1  0  1  1  1  1  0  1  0  1  0  1  0  0  0  0  1  0  0  0  0  0  1  0  0  0  15.6470878988
3.5  0  1  1  0  0  0  0  0  0  0  1  1  0  1  1  0  1  0  0  1  1  1  1  0  0  0  1  1  0  1  1  1  15.2878322695
3.5  1  0  0  0  0  1  0  0  1  0  0  0  1  1  0  0  0  0  1  0  1  1  0  1  1  1  0  0  0  0  0  0  15.5452079175
3.5  1  0  0  0  1  0  0  0  0  0  0  0  0  1  1  1  1  1  1  1  1  1  1  1  1  1  0  0  1  1  1  1  16.2944917143
3.5  0  0  0  1  1  1  1  1  1  1  1  1  1  1  1  1  1  1  1  1  0  1  1  1  1  1  1  0  0  0  0  0  14.9501900694
3.5  0  1  1  1  1  1  0  0  1  1  1  1  0  1  1  1  1  1  0  0  0  0  0  0  0  1  1  0  0  0  0  1  15.5923186947
3.5  1  1  1  1  1  1  0  0  0  0  0  0  0  0  0  0  1  1  1  0  0  0  0  0  1  1  1  1  1  1  0  0  15.3505997117
3.5  1  1  0  1  0  0  0  0  0  0  0  1  1  0  1  1  0  0  0  0  1  1  1  0  0  0  0  0  0  0  0  0  15.8029474931
3.5  1  1  0  0  0  0  0  1  1  1  0  0  0  0  0  0  0  0  0  0  0  1  0  0  0  0  0  0  1  1  1  1  15.3046711083
3.5  1  0  1  1  1  1  0  1  1  1  1  0  0  1  0  0  1  1  1  0  1  1  1  1  1  0  1  1  0  1  1  0  15.0013401428
3.5  1  1  1  1  1  1  1  1  1  1  1  1  0  0  0  0  0  0  0  0  0  0  0  0  0  0  0  0  0  1  0  0  17.6484792697
3.5  1  1  0  0  0  0  1  1  0  0  1  0  0  1  1  1  0  0  0  1  1  1  1  1  0  0  0  1  0  0  0  0  15.3287918204
3.5  0  1  1  1  1  1  1  0  1  1  1  1  1  1  0  0  0  0  0  1  1  1  1  1  1  1  1  1  1  1  1  1  15.0208460385
3.5  0  0  1  0  0  1  0  1  1  1  1  0  0  0  0  1  0  0  0  0  1  1  0  1  0  0  0  0  0  0  0  0  15.8204193202
3.5  1  1  0  0  0  0  1  1  0  0  0  0  1  1  1  1  0  0  0  0  1  1  1  1  1  0  0  0  1  1  1  0  15.2219792293
3.5  1  1  0  0  0  0  0  0  0  0  1  1  0  0  1  1  0  1  0  0  0  0  0  0  0  0  0  0  0  0  1  1  15.6097584875
3.5  1  1  1  1  1  0  0  1  1  1  0  0  1  0  0  1  1  1  0  1  0  0  1  1  1  1  1  1  1  1  0  0  15.0371058111
3.5  0  1  1  1  0  1  0  0  0  0  0  0  0  1  1  0  0  0  0  0  0  0  1  1  1  1  1  1  0  1  0  1  15.1692624624
3.5  0  0  1  1  1  0  0  0  0  0  1  1  0  0  0  0  0  0  0  0  0  1  1  1  1  1  1  1  0  0  1  1  15.2157011802
3.5  0  0  0  1  1  1  1  1  1  1  1  1  1  1  0  0  0  0  1  1  1  1  1  1  1  1  1  1  0  0  1  1  15.0215981756
3.5  0  0  0  0  1  1  1  0  0  0  0  1  1  1  1  1  0  0  0  0  0  0  0  0  0  0  0  0  0  0  0  0  16.1149216145
3.5  0  1  0  1  1  1  0  1  1  1  0  1  1  1  1  1  0  0  0  1  0  0  0  0  0  0  1  0  0  0  0  0  16.2991267253
3.5  1  1  1  1  0  0  0  1  0  0  1  1  1  1  1  1  1  1  0  0  1  1  1  1  1  1  1  1  1  0  1  0  15.0590218821
3.5  1  0  0  0  1  0  0  0  0  0  0  0  1  1  1  0  0  1  0  0  0  0  1  1  0  0  1  1  1  1  0  0  15.4477349994
3.5  0  1  0  1  1  1  1  1  0  0  1  1  1  1  1  1  1  1  1  1  0  0  0  1  1  1  0  0  0  1  1  1  15.0084755454
3.5  1  1  1  0  0  0  0  1  1  0  0  0  1  1  1  1  1  1  0  0  0  0  0  1  0  0  0  1  1  1  1  0  15.1897162775
3.5  1  0  1  1  1  1  1  0  1  1  0  0  0  0  0  0  1  0  0  0  1  0  1  1  1  0  1  0  0  0  1  1  15.2798383437
3.5  0  0  1  1  0  0  1  0  1  1  1  1  0  1  1  1  1  1  1  1  1  1  1  1  0  1  1  1  0  0  0  0  15.0335164452
3.5  0  1  1  0  0  0  1  0  1  0  0  0  0  0  0  0  1  0  0  0  0  1  1  1  1  1  1  1  0  0  0  0  15.4613725581
3.5  1  1  1  1  1  0  0  0  0  0  0  0  0  0  1  1  1  1  0  1  1  1  1  0  1  1  1  1  0  0  0  0  15.2974714064
3.5  1  1  1  0  0  0  1  1  1  0  1  1  1  0  0  0  0  0  0  0  0  0  0  0  0  0  0  1  1  1  1  1  15.2841115985
3.5  0  1  1  1  0  0  1  1  0  0  1  1  1  1  0  0  0  0  0  0  0  0  1  0  0  1  1  1  1  1  1  1  15.0112325309
3.5  1  1  1  1  0  0  1  0  1  1  1  1  0  0  0  0  1  1  1  1  1  1  0  0  0  0  0  1  1  1  1  1  15.0545574346
3.5  0  0  0  0  1  1  0  1  0  0  0  1  0  0  0  0  0  0  0  0  0  0  0  0  0  0  0  0  1  1  1  1  15.3785336438
3.5  1  1  1  1  0  1  1  1  0  0  1  1  1  1  1  1  0  1  0  0  0  1  1  0  1  1  1  0  1  1  0  1  15.0493640307
3.5  1  0  1  0  0  1  1  1  0  1  1  1  1  1  1  1  1  1  1  0  0  0  0  1  1  0  0  0  0  1  1  1  15.0460894381
3.5  1  1  1  0  0  0  0  0  0  0  0  0  0  0  1  1  0  0  0  0  0  0  0  0  0  1  0  0  0  1  0  1  15.8155132542
3.5  0  0  0  0  1  1  1  1  1  1  1  1  1  1  1  0  1  1  1  1  1  0  1  1  1  0  0  0  0  0  0  0  15.191835201
3.5  1  1  1  1  1  1  1  1  0  0  0  0  0  1  0  1  1  1  1  0  1  1  0  1  1  1  0  0  1  1  1  1  15.0078736831
3.5  0  0  0  0  0  1  1  1  1  1  1  1  1  0  0  1  1  0  0  0  1  1  1  1  0  1  0  0  0  1  0  0  15.1972428147
3.5  1  1  0  0  0  0  1  1  1  1  0  0  1  1  1  0  0  0  1  1  0  1  0  0  0  0  0  1  1  1  0  0  15.3133271836
3.5  0  0  0  0  1  1  0  0  1  1  1  1  0  1  1  1  1  0  1  0  0  1  0  0  1  0  0  0  0  1  1  0  15.2325252682
3.5  0  0  1  1  1  1  0  0  0  1  0  1  1  1  1  1  1  1  0  0  0  0  1  0  1  1  1  1  1  1  1  0  15.0398297435
3.5  0  0  0  0  0  1  1  1  0  1  0  0  0  0  1  0  1  0  0  0  0  0  0  0  0  0  0  0  1  1  0  0  15.7683041898
3.5  0  1  0  0  0  1  1  1  1  1  0  1  1  0  0  1  0  0  0  1  1  0  1  0  0  0  1  0  0  1  1  1  15.1446556736
3.5  1  1  0  0  1  1  1  0  0  1  1  1  1  0  1  1  1  1  1  1  1  0  1  1  0  0  0  0  1  0  0  1  15.0685339922
3.5  0  1  1  1  1  1  0  1  1  0  0  0  0  1  1  0  0  0  1  0  0  0  0  0  0  0  0  1  1  0  1  0  15.7836788156
3.5  0  1  1  0  0  1  1  1  1  1  1  0  0  0  0  0  0  1  1  1  1  1  1  0  1  0  0  0  1  0  1  1  15.0715167656
3.5  1  0  0  0  1  0  1  1  1  1  1  1  0  0  1  1  1  1  0  0  0  1  0  0  0  0  0  1  1  1  1  1  15.0474880082
3.5  0  0  1  0  0  1  1  1  0  0  1  0  0  0  0  1  1  0  0  0  1  1  0  0  0  0  1  0  0  0  0  0  15.753048324
3.5  0  0  1  0  1  1  0  0  1  0  1  0  0  0  0  0  0  0  0  0  1  1  1  1  1  1  0  0  0  0  0  0  15.5534418959
3.5  1  1  0  0  0  0  0  0  1  1  1  1  1  1  0  0  1  1  0  0  0  0  0  1  0  0  0  0  0  0  0  0  15.801609871
3.5  0  0  0  0  1  1  1  0  1  1  0  1  1  1  1  1  1  1  1  1  0  0  0  0  0  0  1  1  1  1  1  1  15.0915984871
3.5  1  0  0  0  1  0  0  0  0  0  0  0  0  0  1  1  1  1  1  1  1  0  1  1  1  1  0  0  0  0  1  1  15.669348719
3.5  1  0  0  1  1  1  1  1  0  1  1  1  1  1  1  1  1  1  0  0  0  0  0  0  1  1  1  1  1  1  0  0  15.1172679994
3.5  0  0  0  0  0  0  1  1  1  0  0  1  0  0  0  0  0  0  0  0  0  1  1  0  0  0  0  0  0  0  0  1  15.7883075502
3.5  0  1  0  0  1  1  1  1  0  0  0  0  1  1  1  1  0  0  0  1  1  1  1  1  1  1  1  0  0  0  1  1  15.078682831
3.5  0  1  1  1  1  0  1  1  1  0  0  1  1  1  1  1  1  1  0  0  0  0  0  0  0  1  1  1  1  1  1  1  15.0734620251
3.5  1  1  1  1  1  0  1  0  1  1  1  1  1  0  0  0  1  1  0  0  0  0  0  0  1  1  1  0  0  1  1  1  15.2792293999
3.5  1  1  1  0  1  1  1  1  1  0  0  1  1  1  1  1  1  1  1  1  1  0  0  1  1  1  1  1  1  1  1  1  15.0711917835
3.5  1  1  1  1  1  1  0  0  0  0  0  0  0  1  1  1  0  0  1  0  1  0  0  0  0  0  1  0  0  0  0  0  16.1382830939
3.5  0  0  0  0  0  1  1  1  0  0  0  0  1  1  0  0  0  1  1  1  1  0  0  0  1  1  1  0  1  0  0  0  15.3842929424
3.5  0  0  1  1  0  0  0  0  0  1  1  0  0  1  0  1  0  0  1  1  0  0  0  0  1  0  0  0  0  1  0  0  15.6364300424
3.5  0  0  1  1  1  0  0  0  0  0  1  1  1  1  1  1  1  1  1  0  0  0  1  1  1  0  0  0  0  1  1  1  15.1156081191
3.5  0  0  1  0  1  1  1  1  1  1  0  0  1  1  1  1  1  1  0  1  1  1  1  1  0  0  0  0  0  0  0  1  15.1568672568
3.5  1  1  1  1  1  1  1  1  1  0  1  0  1  0  0  0  1  1  1  1  1  0  0  1  1  1  1  1  1  0  1  1  15.0264963023
3.5  1  0  0  0  0  0  1  1  1  1  1  0  0  0  0  0  0  1  1  0  1  1  1  0  0  0  0  0  0  0  0  0  15.6361205642
3.5  1  1  0  0  0  0  0  0  0  0  0  0  0  0  0  0  0  0  0  0  0  0  0  1  1  1  1  1  0  0  0  0  15.885965855
3.5  0  0  0  0  0  1  1  1  1  1  1  0  0  0  0  1  1  1  1  0  0  0  0  0  0  0  0  0  0  0  0  1  15.6089772581
3.5  1  1  1  0  0  1  1  1  1  1  1  1  1  1  1  1  1  1  1  1  1  1  1  1  1  1  1  1  1  0  0  0  14.9334077046
3.5  0  0  0  0  0  0  0  0  0  0  0  0  0  0  0  0  0  0  1  1  1  1  1  1  1  1  1  1  0  0  0  0  16.8279147198
3.5  0  0  0  1  1  1  1  1  1  1  1  1  1  1  1  1  1  0  0  0  0  0  0  1  1  1  1  1  1  1  1  1  15.0844109908
3.5  0  1  1  1  1  1  1  1  1  1  1  1  1  1  1  1  1  1  1  1  1  0  1  1  1  1  0  0  0  0  0  0  15.6589940237
3.5  0  0  0  0  0  0  0  0  0  0  0  0  0  0  0  0  1  1  1  1  1  1  1  1  1  1  1  1  1  1  1  0  17.8761472582
3.5  1  1  1  1  1  1  1  1  1  1  1  1  1  1  1  1  1  1  1  1  1  0  1  1  1  1  1  1  1  1  1  1  15.2121975911
3.5  0  0  0  0  0  0  0  0  0  0  0  0  0  0  0  0  0  0  0  0  0  0  0  0  0  0  0  0  0  0  0  0  16.7236739122
3.5  1  1  1  1  1  1  1  1  1  1  1  1  1  1  1  1  1  1  1  1  1  1  1  0  0  0  0  0  0  1  1  1  15.4933702594
3.5  0  1  1  1  1  0  0  0  0  0  0  0  0  1  1  1  1  1  1  1  1  1  1  1  1  1  1  0  0  1  1  1  15.4907044379
3.5  0  0  0  0  1  1  1  1  1  0  0  0  1  1  1  1  1  1  1  0  0  0  0  0  0  0  0  0  0  0  0  0  15.9702948138
3.5  1  1  0  0  0  1  0  0  0  0  1  1  1  1  1  1  1  1  0  1  1  1  1  1  1  1  1  1  1  1  1  1  15.8973827215
3.5  0  1  1  1  1  0  0  0  0  0  0  1  1  1  1  0  0  1  0  0  0  0  0  0  0  0  0  0  0  0  0  0  16.2838952328
3.5  0  0  0  0  0  0  0  0  0  0  0  0  0  0  0  0  0  0  0  0  0  0  0  0  0  0  0  0  0  0  0  1  16.3794336051
3.5  0  1  1  1  1  0  0  0  0  0  0  0  0  0  0  0  1  1  0  0  0  0  0  0  1  1  1  1  1  1  1  1  15.0018335702
3.5  1  1  1  1  1  0  0  0  0  0  0  0  0  0  0  0  0  0  0  0  0  0  0  0  0  0  0  0  1  1  1  0  15.9737782889
3.5  0  0  1  1  1  1  1  1  1  1  1  1  1  1  1  0  1  1  1  1  1  1  1  1  1  1  1  1  1  1  1  1  15.3238080529
3.5  0  0  0  0  0  0  0  0  0  0  0  0  0  0  0  0  0  0  0  0  0  0  0  0  0  0  0  0  0  1  1  1  15.7794619221
3.5  0  0  0  0  0  0  0  0  0  0  0  0  0  0  0  0  0  0  0  0  0  0  0  0  0  0  0  0  0  0  0  0  16.7170281133
3.5  1  1  1  1  1  1  1  1  1  1  1  1  0  0  0  1  1  1  1  1  1  1  1  1  0  1  1  1  0  0  0  0  15.2697099496
3.5  1  0  0  0  0  0  0  0  1  1  1  1  1  1  1  1  1  1  1  1  1  1  1  1  1  1  1  1  1  1  1  1  16.488824904
3.5  0  0  0  0  0  1  1  1  1  1  1  1  1  1  1  1  1  1  1  1  1  1  1  1  1  1  0  0  1  1  1  1  15.5148579368
3.5  1  1  1  1  1  1  1  1  1  1  1  1  1  1  1  1  1  1  1  1  0  0  0  0  0  0  0  0  0  0  0  0  18.2445695929
3.5  1  1  1  1  1  1  1  1  1  1  1  1  1  1  1  1  1  0  0  0  0  0  0  0  0  0  0  0  0  0  1  1  17.0807552322
3.5  1  1  1  1  1  1  0  0  1  1  0  0  0  0  0  0  0  0  1  1  1  1  1  1  1  1  1  1  1  1  1  1  15.1019086224
3.5  1  1  1  1  1  1  1  1  1  1  1  1  1  0  0  0  1  1  1  1  1  1  1  1  1  1  1  1  0  1  1  1  15.0744580703
3.5  1  1  1  1  1  1  1  1  1  0  0  0  0  0  0  0  0  0  0  0  1  0  0  0  1  1  1  1  1  1  1  1  15.1308818041
3.5  1  1  1  1  1  0  0  0  0  0  0  0  0  0  0  0  0  0  0  0  0  0  0  0  0  0  1  1  1  1  1  1  15.0273126555
3.5  0  0  0  0  0  0  0  0  1  1  0  1  1  1  0  0  0  0  0  0  0  0  0  0  0  0  0  0  1  1  1  1  15.4145104368
3.5  1  1  1  1  1  1  1  1  1  1  1  1  0  1  1  1  1  1  1  1  1  1  1  1  1  1  1  1  1  1  1  0  15.0776887107
3.5  0  0  0  0  0  0  0  0  0  0  0  0  0  0  1  1  1  1  1  1  0  0  0  0  0  0  0  1  1  1  1  1  16.0225623993
3.5  1  1  1  1  1  1  0  0  0  0  0  0  0  0  0  0  1  1  1  1  1  1  0  1  1  1  1  0  0  0  0  0  15.4030134242
3.5  1  1  1  1  0  0  0  0  0  0  0  0  0  0  0  0  0  1  1  1  1  1  1  0  0  0  0  0  1  1  1  1  15.3287509763
3.5  0  0  0  0  0  0  0  0  0  0  0  0  0  0  0  0  1  1  1  1  1  1  1  1  0  0  0  0  0  0  0  0  16.2626926274
3.5  1  1  1  1  1  1  0  1  0  0  0  0  0  1  0  1  1  1  1  1  1  1  1  1  1  1  1  1  1  1  1  1  15.272345802
3.5  0  0  0  0  0  0  0  0  0  0  0  0  0  0  0  0  0  0  0  0  0  0  1  1  1  1  1  1  0  0  0  0  16.203126163
3.5  1  1  1  1  1  1  1  1  1  1  0  0  1  1  1  1  1  1  0  0  0  0  0  0  0  0  0  0  0  0  0  0  17.6035377193
3.5  1  1  1  1  1  1  1  1  1  1  1  1  1  1  1  1  1  1  1  1  1  1  1  1  1  1  1  1  1  1  1  1  15.2901989595
3.5  1  1  1  1  1  1  1  1  1  1  1  1  1  1  1  1  1  1  1  1  1  1  1  1  0  0  0  0  0  0  0  0  16.8081890864
3.5  1  1  1  1  1  1  1  1  1  1  1  1  1  1  1  1  0  0  0  0  0  0  0  0  0  0  0  0  0  0  0  0  18.3983906316
3.5  1  1  1  1  1  1  1  1  0  0  0  0  0  0  0  0  0  0  0  0  1  1  1  1  1  1  0  0  0  0  0  0  15.8379576709
3.5  1  1  1  1  1  1  1  1  0  0  0  0  0  0  0  0  0  0  0  1  1  1  1  1  0  0  0  0  0  0  0  0  16.155338565
3.5  0  0  0  0  0  0  1  1  1  1  1  1  0  0  1  1  1  1  1  1  1  1  1  1  1  1  1  1  1  0  0  0  15.3874473451
3.5  1  1  1  1  1  1  1  1  1  1  1  1  1  1  1  1  1  1  1  1  1  1  1  1  0  0  0  0  0  1  1  1  15.2893862822
3.5  0  0  0  0  0  0  1  1  1  1  1  1  1  0  0  0  0  0  0  0  0  0  0  0  0  0  1  1  1  1  1  1  15.218444498
3.5  1  0  0  0  0  0  1  1  1  1  1  0  0  0  1  0  0  0  0  0  0  1  1  1  1  1  1  1  1  1  1  1  15.3407022547
3.5  0  0  0  0  0  0  0  0  0  0  1  1  1  1  1  1  1  1  1  1  0  0  0  0  0  0  0  0  0  0  0  0  15.769068579
3.5  0  0  1  1  1  1  0  0  0  0  0  0  1  1  0  0  0  0  0  0  0  0  0  0  0  1  1  1  1  1  1  1  15.0359909318
3.5  0  0  0  0  0  0  0  1  1  1  1  1  1  0  0  0  0  0  0  1  1  1  1  1  1  1  1  1  1  1  1  1  15.9249773604
3.5  0  0  0  0  0  1  1  1  1  1  1  1  1  1  1  1  1  1  1  1  1  1  1  1  0  0  1  0  1  0  0  0  15.0280552308
3.5  1  1  1  1  1  1  1  1  1  0  0  0  0  1  1  1  1  1  1  1  1  0  1  1  1  1  1  1  1  1  1  1  15.0224348428
3.5  0  0  0  0  0  0  1  1  1  1  1  1  1  1  1  0  0  0  0  1  1  1  0  0  0  0  0  0  0  0  0  0  15.6608058969
3.5  0  0  0  0  1  1  0  0  1  1  1  1  1  1  1  1  1  1  1  1  1  1  1  0  1  1  1  1  1  1  1  1  15.8124265663
3.5  1  1  0  0  0  0  0  0  0  0  1  1  1  1  1  1  1  1  1  1  1  1  1  1  1  1  1  1  1  1  1  1  16.6190540425
3.5  1  1  1  1  1  1  1  1  1  1  1  0  0  0  0  0  1  1  1  1  1  1  1  1  1  1  1  1  1  1  0  0  15.0279538
3.5  0  0  0  1  1  1  1  1  1  1  1  1  1  1  1  0  0  0  0  0  0  0  0  0  0  0  0  0  0  0  1  1  16.2811962462
3.5  0  0  0  0  0  1  1  1  1  1  1  1  1  1  1  1  1  1  1  1  1  0  0  0  0  0  0  0  0  0  0  0  16.2408276397
3.5  0  0  0  0  0  0  0  0  0  0  0  0  0  0  0  0  0  0  0  0  0  0  0  0  0  0  0  0  0  0  0  0  16.6999986491
3.5  1  1  0  0  1  1  1  1  1  1  1  1  1  1  1  0  0  0  0  0  0  0  0  0  0  0  0  0  1  1  1  1  15.7562091724
3.5  0  0  0  0  0  0  0  0  0  0  0  0  0  1  1  1  1  1  1  1  1  1  1  1  1  1  1  1  1  1  0  0  17.0702110637
3.5  0  0  0  0  0  0  0  0  0  1  1  1  1  1  1  1  1  1  1  1  1  1  1  1  1  0  0  0  0  0  0  1  15.6115009677
3.5  1  1  1  1  1  1  1  1  1  1  1  1  0  0  0  0  0  0  0  0  1  1  1  1  1  1  1  0  0  0  0  0  15.8269719668
3.5  1  1  1  1  1  1  1  1  1  1  1  1  1  1  1  0  0  0  0  0  0  0  0  0  0  0  0  1  0  0  0  0  17.8653627048
